1
0.1
2
0.1 0.4
5
0.26 0.10 0.04 0.18 0.28
5
0.12 0.02 0.11 0.24 0.26
5
0.28 0.15 0.14 0.27 0.09
5
0.25 0.13 0.13 0.09 0.25
5
0.27 0.15 0.16 0.16 0.12
5
0.18 0.12 0.24 0.01 0.26
5
0.24 0.19 0.04 0.10 0.15
5
0.08 0.29 0.29 0.05 0.16
5
0.39 0.04 0.26 0.06 0.12
5
0.16 0.10 0.18 0.17 0.25
10
0.13 0.02 0.06 0.12 0.02 0.07 0.08 0.15 0.17 0.15
10
0.03 0.16 0.03 0.11 0.17 0.02 0.04 0.10 0.18 0.16
10
0.07 0.12 0.17 0.04 0.12 0.01 0.07 0.06 0.06 0.13
10
0.17 0.16 0.07 0.11 0.04 0.17 0.09 0.04 0.07 0.04
10
0.11 0.12 0.15 0.10 0.03 0.11 0.10 0.05 0.16 0.01
10
0.04 0.10 0.09 0.13 0.09 0.04 0.12 0.03 0.10 0.11
10
0.02 0.18 0.14 0.03 0.12 0.02 0.09 0.11 0.08 0.18
10
0.13 0.01 0.01 0.02 0.09 0.17 0.13 0.10 0.05 0.06
20
0.02 0.05 0.08 0.04 0.08 0.02 0.09 0.02 0.03 0.10 0.02 0.03 0.04 0.01 0.09 0.03 0.05 0.07 0.02 0.07
20
0.07 0.03 0.02 0.04 0.07 0.01 0.07 0.04 0.08 0.06 0.08 0.02 0.03 0.05 0.05 0.01 0.01 0.01 0.08 0.09
