4
0 0
0 1
1 0
1 1
15
8692 -12335
4618 -10148
-12863 11775
5797 -14653
9383 7155
-4129 3494
4924 11380
-9529 19448
-9939 1710
-12343 10502
9966 18369
10495 -10379
10374 -2878
8632 -13064
-4337 17757
30
8449 4261
13657 6025
-9179 13270
7143 2941
-2686 -13104
2314 -2733
8587 7286
1294 8250
11041 3436
9442 -2031
4558 3795
6342 13767
6220 6640
-3389 -11121
4818 12563
-13147 -4270
-11175 7438
-9622 -10214
-13707 -12657
14178 -12129
-6291 11230
3930 -13037
13352 -2930
7940 -2634
10073 2798
-7456 14670
12621 11089
6742 -13276
9324 -16201
-11209 8420
45
-5304 11636
10899 -15457
15140 -8158
-10858 7911
7773 11941
1181 4619
3937 9861
14868 -9718
-2298 -7642
-13248 1108
-16447 11839
-6749 7990
-2788 5103
6033 -13919
-4670 13221
4038 -10710
-6809 8280
-8088 -12406
7703 -12357
18629 -8381
-7086 -11858
16202 -6411
-14634 -6489
9369 -6838
-9903 -12976
-15362 -3736
13364 5360
12619 -15547
-7460 6286
14372 -5135
-8178 8963
-7383 -8489
11576 3139
10507 13084
672 3075
6727 -4997
-16271 11943
-11512 -11456
-13534 -3383
-8666 7487
2330 -17585
9418 -17461
8470 -6335
4583 4380
15180 10494
60
-8913 -12622
-8697 3492
15436 -16363
6914 1809
-15402 -7253
6464 -6615
4242 -8466
7794 -6069
-16376 16123
6396 9471
-9287 11631
-3577 -13394
8614 -8253
-8950 -16541
-10227 -9481
10636 -7919
6568 8954
8898 16745
-5988 9661
-11817 13605
-13623 -11550
9173 7459
-1715 15299
-5797 -9677
5353 -7501
5124 -6323
-16447 12727
6556 -12189
-14840 4494
10279 -6554
-14126 -11025
-4661 -4785
-5079 -5732
5453 -14688
-11055 -12735
-3117 5565
-4706 -6107
10738 10581
-9452 -9335
-7800 10845
-8300 16164
10534 5377
-16194 -9416
3091 12871
-3583 -5289
6388 -11285
-10617 12678
-11462 -11652
5344 16973
-7787 -10394
2415 11282
12093 11834
9018 -1769
9237 10830
11356 18528
17467 15383
19296 9568
6820 4106
-11568 11055
5615 7596
75
4555 -10461
-9504 12753
6563 -7750
14160 6184
-11858 7410
7627 5734
-1601 15555
-7864 -13661
8383 9032
17198 4622
-12788 -17083
-11839 -14505
12181 9732
11548 11551
18138 17726
-5472 15631
2765 -9485
6923 11770
15820 -8578
-6482 7612
3342 -9734
3918 2454
8214 -2692
-18465 -3860
-9922 -7418
9454 9941
6099 -9932
9635 -15459
-555 -10012
6733 3854
8464 -6390
-2916 6111
-1909 10853
12083 -10722
-13076 -1611
-3836 -16737
3811 9048
10675 -11097
-13312 -13318
-10838 -4049
-3281 -10558
3588 6339
-14473 8880
14647 2599
-8851 2794
-9465 5960
10401 18566
10509 -8667
9282 -9943
-4570 -4633
-8940 15087
-12239 5928
9811 -16711
-3594 -6543
-6012 -3239
-9767 12945
12335 -16644
11185 10472
-2551 -11992
17884 14612
-2956 -5647
8512 -12685
8796 -9885
796 -8340
9172 5620
5648 -11792
-10388 6894
-6618 -1887
9338 -6501
-14516 15238
12428 6217
14484 16375
-6250 17979
-9348 -6099
3036 -8052
90
8194 6217
-5751 -8553
-3248 7645
11028 -12237
-9693 13435
10091 17466
11652 -356
7546 18410
-12509 -3959
2924 -5680
5888 17970
15663 6731
14831 -13426
9490 -13124
7485 17478
2857 -5491
-3334 4776
-13714 10522
-10268 -6023
-14231 9924
-8195 -14894
11385 10251
-3366 11752
9681 13425
2665 6448
4694 3929
-11838 9856
9654 7211
-6789 10289
-15207 5824
12220 -14271
14236 11766
9981 13679
12016 -10208
-12929 -10109
-5301 -13507
7277 -4158
-6618 -9461
-12183 12811
-6438 9221
-12141 -11833
-7467 -4416
-17103 7585
7024 18044
-12488 13030
17387 10541
-12482 -9407
-6392 2910
-9875 10656
-13887 14221
-7346 3758
13662 -3193
5757 10843
-11890 10233
-8406 6396
-9371 -8260
-14905 8628
11048 5494
-5330 6645
5693 -12028
-10199 -10975
14235 -4156
-14414 5686
-8298 10586
-9210 7769
9550 5422
10235 5161
11268 9913
-5824 -7829
10287 9494
2948 9709
5951 10959
9374 -5215
-13310 10696
-13544 7932
-4413 -10990
-8802 13325
9256 -9804
-12001 3012
9764 9497
-10320 14187
-8992 6326
1697 -8543
1523 -15311
11352 9563
-12961 13822
-8400 1517
-11715 5687
9035 10476
14655 11513
105
-7679 5606
5089 -10862
-11626 -18081
2947 -7503
10906 -9017
19286 -8908
-8920 12341
7492 -12931
9664 -8000
-4207 3454
14052 -13134
12521 2208
7961 -10458
-6422 11530
-6289 5929
-9705 -8455
-7050 15394
-10457 2143
5375 7576
8332 9059
-4633 -9509
-7886 -498
-8560 4537
-7319 3655
-10361 17500
-12246 17428
12852 8895
-9638 -15435
16515 18440
12361 15528
-9679 -10199
-8379 11684
-14342 2897
3011 12206
-11823 -8485
10962 -3162
8367 6327
17422 -1134
2776 7413
-10509 -3168
-11245 -3203
12169 -9970
11752 -7068
17513 11169
6777 -7236
7114 2676
6662 12406
-10359 6542
-8390 -2515
-15009 -19151
5500 4583
3381 -14754
-8972 -5649
12902 8396
-2945 -1947
-18853 -5791
-9755 10516
-9191 6232
3667 6679
8033 6096
10383 -10191
5260 -17610
5300 14310
2317 9095
9704 -8520
8467 16255
10469 -10141
-10661 18428
12846 753
-2932 -17823
-6586 -9609
-12205 -12100
6708 4273
4896 10390
-13184 -3854
3918 11018
-10642 12217
11132 -13997
-9803 -9238
-1757 -11660
-9404 -2913
-2391 -13055
-8011 17609
7635 -2265
-13606 8184
-8651 -18437
1828 10048
-11878 2320
7991 249
-2324 4572
17201 754
10416 -5756
-5941 5329
4364 -13450
-3291 12088
-9333 10672
-17521 -5867
9392 -5966
10013 12698
-1662 -7831
8247 7126
-9881 16143
14013 6176
-7249 -7393
-15012 7482
120
-1508 -13322
-2600 -4946
8697 18089
11877 -17577
-6043 10005
-9491 6555
-9303 -1586
9162 9129
7996 -3198
4507 -8223
11560 807
-9899 8331
-10045 -5869
-16327 -3545
4686 -14519
11484 12119
17775 -1903
-1330 -11728
9062 -5440
-6356 -9648
-10857 5643
6580 14510
5682 -12274
-6645 -7705
14794 9838
-5671 5801
8045 8663
5080 1351
-11258 -14959
-5330 -3739
-10316 -17780
1726 16336
8983 -7997
-4258 14570
-10504 -11488
1729 8261
-12184 -5836
-572 -10018
-2247 14096
8434 19244
-16141 -8925
11054 6920
-9457 8523
-13674 -12842
16462 -5941
12028 2678
-2796 4742
10042 10482
7208 -11074
6693 7442
-10081 15099
-6493 8936
-1461 8474
8093 -5320
2532 5291
3602 12963
-18147 -12524
7122 -11868
-12194 -8224
-10019 8259
10057 17599
5271 -17850
-7772 -8159
-15809 -7104
-2597 7487
10716 -9718
3534 -10319
6983 -10908
-4354 -14932
-8518 -14221
-4299 8660
14596 -6876
-9452 -12348
13714 -2500
-3488 -6329
-16290 -2932
-4507 -11133
-12819 11078
6190 9806
-7315 5225
15055 8772
-1161 -18503
-12977 17454
9519 17293
1822 -9002
-17992 -6565
8909 -3883
12776 -16105
-2920 5291
9582 10546
6492 3810
13575 -8219
12037 -1230
-15807 -11291
-11521 2801
11759 -6061
-8706 8258
10698 -9077
-11977 6453
7190 -17694
10121 -10731
-15410 -9293
6407 -8592
-15648 -4567
-2248 14506
4086 13765
17956 -17900
13572 5353
11862 -12228
14284 16217
-11462 19291
-6948 -11771
10210 -16151
10911 9984
11095 7991
-3067 -2206
14196 7049
11972 -16453
7674 16676
-4089 -8825
135
9819 8329
-8268 7020
10554 12713
-12422 11598
-5727 14717
14440 -7920
-13468 -16603
-19605 12244
-4286 -13379
11224 9640
8954 13459
-16367 -6332
7055 -11138
7792 -8126
12279 -16132
-13428 -5934
14386 -13048
18237 13975
-13326 11384
6878 -4090
-5135 8938
-7541 17264
-5828 7249
14287 10009
7107 -11592
8278 5261
6706 -9433
8609 -10537
11464 -6903
-7427 -14265
13389 9523
8529 -12821
-10620 7366
-10091 8168
11232 9465
17069 -8765
11350 11387
370 -7753
-5516 9997
-8308 -16391
10149 -4852
-9320 5630
6960 -13209
-8528 -10694
-15489 -7896
-14975 -10852
5629 6288
14242 -13520
-8489 9013
-7765 11934
-2830 -13228
-12035 15895
10933 -16512
3712 11691
7575 16031
-15748 -9825
-1874 6249
-4974 9404
10387 -10034
-18239 9777
-15882 8389
14514 -3744
-18918 3818
13252 5326
-13258 12595
-5804 6410
-8138 14128
6959 7319
7435 1177
11103 7414
4035 4486
15134 -14774
-11579 2981
-9240 4039
11883 -17574
15996 -11259
7458 16141
10735 17597
-10167 -11298
-7162 -10942
4414 -14513
-3199 10905
15235 -11574
10401 11983
-14168 10197
18381 -18665
-12224 -12451
-11139 -8342
4479 11273
3336 8560
-4409 9747
-7895 11252
10329 8562
-4467 8635
11587 9257
-946 10801
1205 12511
12318 9694
13658 -18462
14297 17629
-6973 4646
8605 9685
13693 17734
-4577 6433
-13854 -9765
10780 13557
17916 -2890
-7249 14668
8831 6546
-14385 2954
-9608 8940
-18492 10742
-16481 -6125
-11674 16919
11005 10104
7801 -9106
14218 -5242
-5436 10122
-15293 3327
16874 -13750
-8280 10585
6771 9495
-12117 -14059
7978 -13523
-4293 11711
6375 -15449
-8727 3390
4295 -5408
-13470 -7307
7617 9366
14638 -9764
9598 10062
-18493 -6194
10379 -12888
-13631 12941
150
13902 2102
15022 15508
12656 -8405
9252 -11030
-1840 -5864
-11642 -8088
-9700 2585
17663 9758
4534 -16540
-14544 15960
3718 -11545
11677 9730
-15594 -11249
10456 -6895
-7691 -10767
15073 -8243
3835 -3170
7711 -12568
-5920 -1121
-8551 -11226
-3348 9612
8959 10427
-1467 7931
10432 -15916
-8759 9146
10758 7174
-1383 -10608
-13466 10866
12299 9451
-4986 -7454
-11164 -15343
5749 6077
-4835 6359
-15901 12211
14662 5578
-11775 15561
9320 4255
3459 -18667
-15993 -9389
5274 10456
7130 13643
-11230 7827
8164 5278
-14947 8595
12372 9628
-9491 -7634
-9037 12536
7082 1246
10134 -13721
14436 -5607
-8655 5743
-8750 8433
-15482 -10850
8278 6231
-2673 5360
14030 9921
1488 13712
-6538 -3377
6062 5840
6985 -3527
-14610 11699
9445 4522
-12926 12602
1953 4804
14643 -4404
-3463 -7411
-11053 -3762
15217 1124
13705 2018
-14617 11727
-9808 5188
8924 4344
7048 12903
-10856 -3838
-9380 -6918
-4046 3148
13959 13761
11773 -8246
10591 7363
4073 14688
-6650 827
12887 9158
-11151 -9505
-10522 3936
9240 -10258
-13435 -1715
14616 -8713
16851 -2333
7938 -10801
7051 -3339
6871 -10242
7583 -12275
-4275 -14407
3165 3494
-3169 2983
-4146 -15091
-17820 -18044
14064 -8640
-8854 12716
-18232 -6822
9012 -14097
12684 10706
-4919 2879
-12322 10896
8896 -16862
-16050 -10568
-13429 5266
13278 -7068
-4485 -14867
-8372 -5673
5172 9955
7102 2618
-8728 4376
9190 -6067
15744 -4710
-11676 10454
7791 -6398
5614 11165
-10224 -11734
16220 -14546
10799 -12110
-15771 5557
-19024 -17927
-12107 -7174
-17966 5174
-9140 -14304
8327 7576
15929 10136
8862 784
7448 7902
-12320 -11132
2245 -8992
-2025 -19899
5230 740
3409 8125
-6415 -17888
-16208 -9137
3895 17361
-3608 3586
-7571 8500
-7004 9696
11433 10699
9433 9478
-16151 7388
5551 -14258
7779 -13024
11379 14734
-10018 -6244
4305 -10599
14302 -11639
