11
0 0
2
1 1
-1 1
1 1
3 
4 3
3 4
0 0
7 -7
2
3 1
-3 8
4 -1
4
14 -3
-11 10
-3 -5
-8 1
11 3
6
-17 -17
-4 -9
15 19
7 4
13 1
5 -6
5 4
11
-26 2
20 35
-41 39
31 -15
-2 -44
16 -28
17 -6
0 7
-29 -35
-17 12
42 29
-44 22
12
-28 24
41 -19
-39 -36
12 -18
-31 -24
-7 29
45 0
12 -2
42 31
28 -37
-34 -38
6 24
40 -36
13
3 -31
28 -43
45 11
47 -37
47 -28
-30 24
-46 -33
-31 46
-2 -38
-43 -4
39 11
45 -1
50 38
-19 -31
15
-31 -59
60 -34
-22 -59
5 44
26 39
-39 -23
-60 -7
1 2
-5 -19
-41 -26
46 -8
51 -2
60 4
-12 44
14 49
-34 19
16
-44 24
30 -42
46 5
13 -32
40 53
35 49
-30 7
-60 -50
37 46
-18 -57
37 -44
-61 58
13 -55
28 22
-50 -3
5 52
-8 47
19
47 51
43 -57
-76 -26
-23 51
19 74
-36 65
50 4
48 8
14 -67
23 44
5 59
7 -45
-52 -6
-2 -33
34 -72
-51 -47
-42 4
-41 55
22 9
