1000
7 23
17 14
30 1
32 4
27 7
37 6
29 9
5 10
34 32
30 1
7 10
9 9
1 28
20 36
36 24
10 17
2 40
7 10
38 1
15 30
18 19
22 7
22 40
22 30
9 27
28 37
20 19
27 14
21 40
14 3
18 38
40 38
16 31
22 1
10 22
7 16
21 9
19 14
12 30
26 37
7 2
14 26
1 29
20 32
10 34
23 28
10 30
38 1
40 23
14 37
26 23
26 19
22 32
19 35
16 27
27 39
12 20
6 31
38 32
19 15
40 33
15 31
36 25
12 3
27 14
8 12
38 29
16 24
27 26
22 13
17 22
24 4
23 26
4 35
3 19
33 3
7 38
15 20
40 6
2 13
25 20
35 16
5 15
23 21
29 28
20 14
1 31
2 28
34 3
6 16
23 38
5 4
22 33
14 27
6 6
33 29
2 18
23 16
40 22
1 28
27 8
30 29
15 16
31 7
3 24
22 13
35 18
7 18
30 33
13 36
21 9
31 37
38 40
37 36
15 17
14 27
39 22
35 18
10 38
26 29
3 40
35 2
7 39
15 37
39 30
3 31
38 22
39 20
12 13
11 36
10 9
4 28
31 14
28 6
35 36
40 22
18 4
30 39
3 4
14 5
9 1
16 20
25 29
6 9
13 26
12 32
9 22
5 22
20 23
16 15
34 24
35 11
39 12
6 20
14 18
11 27
19 26
20 11
38 8
30 14
25 14
21 8
11 23
8 25
7 9
31 22
14 34
2 2
20 7
3 25
2 40
22 37
31 24
24 21
12 4
6 34
16 26
24 4
34 4
30 13
13 29
17 27
33 19
5 4
23 21
37 6
13 39
32 37
3 28
19 24
5 20
7 5
26 14
20 36
28 31
14 18
25 11
7 39
25 3
21 10
33 40
13 3
16 31
32 33
40 6
13 29
15 5
16 31
6 33
26 8
26 21
24 24
25 18
24 16
39 33
1 18
2 30
10 32
19 7
38 19
22 36
39 37
35 2
1 24
22 3
40 8
11 33
12 23
7 11
36 24
3 14
9 6
26 23
13 5
21 16
35 25
21 17
32 14
9 9
18 8
8 21
24 5
1 1
19 39
25 29
20 13
5 9
38 37
8 28
4 3
32 1
22 37
4 11
32 26
40 3
12 40
5 7
34 29
26 37
28 24
16 1
31 33
12 11
39 6
14 4
33 32
2 26
15 22
12 19
40 8
10 15
38 38
29 8
12 9
23 38
16 18
11 22
21 27
34 3
12 35
18 16
12 14
28 5
23 35
21 32
39 31
13 37
25 19
23 17
32 34
8 36
21 6
20 21
23 19
37 26
21 11
37 24
19 19
14 32
29 6
39 35
5 25
34 31
19 23
4 2
14 14
13 22
30 34
25 14
11 32
14 40
3 6
15 11
8 1
24 3
1 38
34 19
11 29
17 34
6 27
13 26
36 39
6 5
32 16
3 32
4 36
21 12
29 4
7 10
35 22
17 15
3 19
14 9
15 11
26 17
34 29
24 1
12 12
2 8
13 38
2 3
15 38
9 15
12 29
23 28
10 4
18 12
20 13
10 20
36 35
36 18
21 39
29 8
38 29
18 16
27 14
6 17
38 38
28 40
7 17
37 34
39 18
3 25
35 20
39 29
39 13
1 21
17 32
6 15
24 25
30 12
21 14
15 7
8 36
28 40
22 24
26 11
33 40
28 38
25 33
13 20
18 9
39 3
38 15
17 13
28 18
14 37
32 8
12 24
6 9
2 6
17 2
38 32
17 6
21 13
37 10
28 32
4 31
15 12
2 22
40 19
9 7
10 3
38 3
38 18
14 27
38 35
17 32
40 33
30 12
30 20
31 32
28 2
37 16
25 39
39 20
25 8
40 24
33 29
15 23
29 37
18 19
40 6
37 24
2 5
32 10
30 27
31 19
20 25
22 34
4 29
12 33
13 29
23 21
21 35
1 35
25 10
18 33
15 40
21 3
10 5
7 16
30 27
6 28
29 38
14 6
10 21
18 29
35 34
33 30
12 30
22 9
2 33
20 38
20 1
26 26
1 40
4 6
30 3
3 1
23 16
6 5
1 40
32 32
21 38
11 20
15 30
21 24
39 25
34 24
15 24
11 27
39 7
30 4
38 4
22 4
26 40
28 13
2 6
30 18
17 33
39 5
37 11
39 17
17 19
12 33
32 6
32 8
28 9
30 35
22 6
32 3
6 22
10 40
13 6
4 11
16 12
28 26
32 20
34 34
24 38
16 23
7 10
10 16
31 23
26 33
21 24
40 32
26 25
16 28
1 8
3 27
10 7
10 12
14 9
32 4
20 19
16 4
28 29
40 34
26 9
28 39
36 11
14 10
31 9
28 11
16 13
34 2
15 17
26 25
24 35
25 15
37 1
12 7
22 14
26 16
3 22
36 14
35 30
18 17
14 23
40 36
24 5
1 9
38 3
19 27
14 18
12 11
10 17
26 40
14 38
1 17
3 30
24 28
18 26
21 29
13 27
11 7
34 39
33 14
25 20
29 16
32 29
25 17
37 11
12 22
4 21
12 21
26 19
18 3
9 7
38 21
36 37
38 36
38 12
33 2
30 37
25 34
30 20
24 31
12 6
33 35
40 10
27 28
23 10
10 18
24 4
6 11
13 19
24 18
4 28
18 6
6 22
30 23
7 33
2 7
40 34
26 14
26 6
22 38
28 30
38 24
38 25
4 7
22 32
25 3
11 38
26 33
25 30
12 1
36 2
22 7
1 25
6 23
25 24
30 11
39 20
40 23
28 31
32 31
24 18
1 7
20 2
27 34
6 14
36 31
29 7
28 1
30 32
21 30
14 33
2 11
1 23
39 22
10 30
10 20
35 1
9 36
32 25
20 27
39 29
28 33
18 17
36 4
25 2
23 19
17 24
27 30
34 29
12 5
24 5
3 14
39 15
24 19
29 27
30 3
10 36
39 23
3 8
15 16
32 13
29 7
34 38
39 37
1 14
38 20
21 13
34 21
4 1
15 12
27 23
40 9
16 18
18 25
7 11
13 28
20 25
30 16
9 3
32 6
24 4
5 35
27 29
32 34
1 2
28 15
4 6
26 15
1 16
23 39
24 2
4 2
37 23
2 7
5 14
14 26
21 20
9 34
24 38
19 27
39 15
25 21
38 39
13 28
21 21
21 1
36 6
38 1
2 39
26 29
16 23
7 2
9 24
27 25
13 40
29 2
22 3
6 28
2 19
23 24
35 18
12 23
28 23
34 1
21 24
13 40
24 39
13 20
36 8
18 24
10 18
22 37
38 20
1 14
8 33
3 11
4 31
21 10
31 37
17 10
28 27
35 18
38 14
8 10
14 20
15 8
6 4
12 38
23 26
28 33
40 26
30 5
1 11
23 40
23 7
33 36
8 31
29 1
17 35
22 11
30 3
32 31
19 16
17 27
24 6
7 15
18 30
10 23
16 7
27 2
34 21
20 8
33 29
18 39
27 23
9 22
38 29
7 22
39 3
20 22
19 40
32 7
29 36
6 31
33 34
15 33
1 40
2 20
31 4
34 27
18 2
9 5
20 11
12 22
35 16
22 30
6 15
25 8
35 29
26 30
6 37
21 27
28 40
10 1
25 29
30 4
39 19
4 15
25 13
29 13
31 29
30 27
2 20
9 20
10 16
39 29
5 39
37 2
3 36
28 40
32 32
21 20
18 10
12 4
28 2
36 37
11 10
20 37
14 14
17 10
27 30
12 10
7 1
5 20
38 28
8 31
29 4
7 10
35 8
24 28
23 19
33 21
22 32
1 12
4 14
24 2
13 6
17 6
12 27
7 11
20 18
31 24
29 34
29 22
10 37
1 7
40 31
10 28
9 23
19 24
18 3
14 20
2 17
7 26
28 4
2 38
6 20
8 17
11 9
37 16
22 8
29 21
1 7
1 36
20 22
28 9
17 30
20 24
8 15
13 5
15 5
15 5
4 18
11 20
14 26
25 16
33 34
39 38
8 2
37 28
31 13
4 15
9 15
32 6
16 39
27 30
12 37
13 40
38 21
17 8
29 20
9 30
33 26
28 34
13 33
7 12
10 30
34 18
26 13
28 22
26 1
10 31
28 37
20 7
36 4
16 4
9 8
12 19
30 1
22 2
18 36
14 4
13 30
38 19
36 25
32 32
30 39
9 23
16 12
37 10
5 25
3 34
10 13
18 13
2 31
28 4
30 2
34 12
15 16
32 40
30 34
3 5
36 22
8 6
5 19
22 25
35 33
7 33
40 36
19 5
36 11
14 33
16 36
35 28
9 34
1 34
1 17
5 19
11 17
15 36
14 33
25 36
20 6
22 33
27 5
32 20
3 37
13 26
33 9
10 4
19 12
24 34
5 5
30 20
12 22
7 17
18 7
38 19
33 24
15 34
2 15
24 24
16 39
40 29
25 10
6 5
37 39
5 30
10 7
39 30
15 37
7 21
24 5
36 38
1 31
11 28
31 19
27 3
11 6
15 12
