10 1
865437500 1020249999 222343750 639906250 421343750 882125000 65968750 359437500 657406250 311812500 
10 1
530625000 242937500 507875000 961031250 57156250 579406250 368406250 795562500 323093750 275031250 
10 1
567781250 650062500 709406250 976187500 383031250 500406250 576125000 964812500 956812500 266187500 
10 2
942906250 100281250 164406250 868875000 700500000 407937500 342062500 579750000 437937500 659218750 
10 2
848031250 346062500 278125000 378968750 10687500 900281250 626843750 788593750 616500000 572781250 
10 2
506750000 926656250 466562500 925250000 441500000 225343750 287625000 704937500 591812500 436281250 
10 1
243687500 302468750 365625000 701187500 21062500 1009343749 906281250 169625000 818531250 754406250 
10 1
819593750 643156250 983000000 605406250 103781250 5218750 566812500 965843750 744687500 861781250 
10 2
860718750 216656250 410406250 291906250 716718750 493937500 884656250 616781250 29218750 465000000 
10 2
156406250 836875000 484406250 360531250 299468750 910156250 919156250 846343750 641750000 622093750 
10 2
127375000 743437500 876843750 647187500 397937500 632000000 704312500 975281250 1016187499 83562500 
10 2
310687500 889718750 297781250 543500000 216000000 735187500 831281250 423468750 280906250 251937500 
10 2
143843750 578406250 97656250 406687500 408687500 418750000 633937500 931781250 873593750 345718750 
10 1
742562500 906250000 494718750 1000249999 582406250 269125000 208781250 523843750 96187500 652093750 
10 1
94437500 353468750 279000000 38000000 807781250 861593750 948312500 971093750 555250000 828750000 
10 1
391468750 239625000 613312500 787125000 912656250 872593750 830687500 436375000 566843750 418343750 
10 1
294843750 74625000 783406250 688281250 129562500 365437500 23968750 37343750 207937500 875593750 
10 2
1187500 528406250 448250000 917687500 493937500 453000000 99812500 977062500 139687500 182031250 
10 1
33750000 361531250 902687500 965156250 1005499999 216750000 955718750 688281250 855625000 441843750 
10 1
231156250 542656250 867843750 786843750 197531250 443875000 453218750 925562500 522937500 869093750 
10 1
904968750 814968750 144156250 698625000 378750000 767250000 664562500 247468750 891718750 423687500 
10 1
277656250 156656250 580468750 251968750 664218750 12843750 30343750 697093750 34531250 322656250 
10 1
849250000 687375000 726250000 409281250 950781250 2093750 942187500 915250000 877531250 625656250 
10 1
410437500 926437500 557843750 662812500 345718750 589062500 542343750 394125000 3343750 79375000 
10 1
542250000 178843750 679187500 323312500 341031250 889250000 478000000 674875000 836375000 563156250 
10 1
385125000 513031250 584937500 999937500 574218750 987062500 120781250 584375000 974937500 652656250 
10 1
871781250 337875000 762468750 719437500 473781250 62531250 806562500 71062500 265375000 846437500 
10 2
596562500 34468750 64312500 609500000 345281250 1021624999 149156250 458281250 411125000 173468750 
10 2
744406250 212781250 334593750 123843750 285500000 719750000 696875000 685250000 434250000 40531250 
10 2
464968750 678968750 92687500 841937500 566312500 182187500 579062500 996468750 479656250 41406250 
10 1
961031250 405500000 543531250 502625000 367156250 499625000 485656250 180687500 237593750 656281250 
10 1
733000000 9968750 861187500 654656250 588406250 674312500 610843750 140031250 187656250 360656250 
10 2
957531250 157687500 968843750 387968750 702343750 359625000 911968750 289750000 741437500 98937500 
10 2
489062500 924343750 297593750 937875000 856531250 711750000 748156250 894093750 970156250 993968750 
10 1
345406250 36562500 359875000 67000000 775875000 229937500 567218750 812531250 654687500 169343750 
10 2
974687500 929718750 581656250 484218750 196968750 987125000 678937500 626125000 888125000 597000000 
10 1
517218750 618437500 325031250 510093750 449781250 333781250 570156250 643250000 318687500 515750000 
10 2
180156250 258343750 935812500 12843750 716812500 497093750 707375000 588812500 375093750 333906250 
10 2
575812500 825718750 749062500 779343750 437125000 161500000 312687500 785625000 400906250 836375000 
10 1
209343750 503906250 958593750 581000000 645781250 541093750 201812500 749000000 130750000 593218750 
10 2
727312500 271062500 244500000 845718750 790875000 616437500 234218750 136906250 170218750 17718750 
10 2
446375000 702156250 651000000 813250000 483687500 962406250 659687500 893093750 696656250 752125000 
10 2
665687500 788281250 482687500 736406250 834093750 844093750 994187500 319156250 536125000 981093750 
10 2
685000000 34062500 62906250 293843750 164000000 974218750 681031250 821593750 444281250 280656250 
10 1
604750000 308218750 882750000 479750000 184500000 770562500 524812500 516312500 108656250 914531250 
10 1
793406250 76093750 73906250 228468750 344343750 819468750 1017218749 176031250 330906250 437843750 
10 1
792750000 534625000 955218750 926281250 384000000 321718750 433312500 903812500 969906250 530406250 
10 2
151218750 724875000 167906250 228250000 770531250 595312500 749625000 202218750 61250000 167093750 
10 2
850437500 590531250 351406250 220812500 22125000 17218750 248218750 82000000 81875000 894000000 
10 2
1003093749 660281250 287531250 422875000 605218750 766625000 464625000 557375000 958312500 439375000 
10 1
706906250 750468750 814875000 727812500 131843750 474843750 982093750 687093750 353218750 186968750 
10 2
538562500 558218750 615718750 479406250 135375000 751875000 492562500 77437500 825531250 526656250 
10 2
398281250 656031250 266062500 165750000 30750000 658937500 846343750 691812500 29906250 491593750 
10 1
517625000 161656250 102656250 1009656249 466218750 381531250 32312500 167281250 939875000 283031250 
10 2
1004124999 295343750 4531250 1019937499 950312500 956875000 449750000 60781250 180312500 259406250 
10 1
248000000 400781250 869593750 50968750 363000000 344000000 369125000 934937500 285468750 927562500 
10 2
101843750 819343750 784031250 121968750 461718750 361093750 240531250 501218750 543750000 985781250 
10 2
745937500 538750000 175187500 394718750 5187500 744093750 219937500 112156250 915718750 1018031249 
10 1
578343750 647000000 124500000 917093750 405625000 276562500 503687500 906125000 268687500 782781250 
10 2
98093750 882156250 536375000 244000000 769750000 468187500 465250000 70406250 69468750 66218750 
10 1
983375000 129343750 972406250 423750000 25718750 267343750 613406250 185781250 966281250 751343750 
10 2
660218750 92625000 1005437499 114500000 348312500 213437500 225843750 2718750 709312500 551375000 
10 2
459312500 403687500 829562500 258500000 9562500 538218750 281250 873531250 944906250 977000000 
10 1
242656250 762562500 38781250 975843750 607156250 727312500 171906250 104468750 687250000 482906250 
10 1
340562500 752281250 377812500 166656250 549437500 116843750 912875000 725437500 279218750 662812500 
10 1
114156250 279687500 803625000 359875000 586375000 990625000 658250000 443687500 946000000 440656250 
10 2
180500000 932593750 675718750 11687500 297125000 576281250 605843750 967625000 128406250 699093750 
10 2
697906250 854875000 1009843749 1004906249 307375000 998375000 945468750 61468750 517281250 719781250 
10 2
783593750 189343750 230375000 635937500 146656250 171812500 669812500 14937500 487843750 979812500 
10 2
227375000 846625000 741156250 990093750 749187500 579625000 352750000 677718750 777218750 816968750 
10 2
980906250 732093750 81093750 429718750 594531250 619593750 355343750 166812500 641531250 913562500 
10 1
199906250 668312500 873187500 237656250 578562500 434531250 982093750 466375000 868125000 1000624999 
10 1
681812500 351812500 153468750 712875000 215062500 578843750 250093750 172156250 439906250 306406250 
10 2
931718750 407281250 20093750 324562500 182093750 114125000 959687500 567343750 1022968749 557812500 
10 1
960937500 620375000 480843750 386656250 373093750 149718750 461531250 468625000 577312500 716906250 
10 2
911937500 30531250 137593750 757437500 214156250 324781250 846156250 155656250 57812500 896843750 
10 2
548718750 566750000 75718750 227187500 883062500 564125000 580437500 40531250 270625000 560593750 
10 2
383750000 637500000 568406250 896750000 636062500 590531250 709500000 226750000 28187500 885968750 
10 2
592468750 389593750 412000000 802937500 621062500 825468750 1021531249 184968750 485281250 227937500 
10 1
389937500 23250000 485187500 655375000 136375000 540062500 692500000 898250000 927218750 723281250 
10 2
1012874999 464031250 144781250 87343750 1002687499 375093750 780187500 117437500 313437500 897531250 
10 2
435093750 487968750 721468750 122125000 344312500 542687500 236125000 343687500 761062500 842281250 
10 2
630406250 846281250 16343750 224718750 81437500 233125000 693906250 927687500 207468750 736031250 
10 1
853781250 128375000 917843750 855156250 201562500 284875000 954937500 594187500 395468750 488093750 
10 2
278625000 297968750 147250000 821000000 864468750 175531250 835312500 548500000 332937500 906968750 
10 2
336750000 95187500 769375000 663875000 684656250 1014843749 842281250 599375000 65468750 216687500 
10 2
586843750 69812500 361281250 829218750 148062500 622937500 569468750 987875000 692250000 155687500 
10 1
788687500 255718750 761718750 580062500 383468750 51406250 452562500 363812500 833312500 972625000 
10 1
517187500 78593750 450593750 645312500 178343750 855218750 578187500 988062500 327687500 124718750 
10 1
277500000 790218750 754281250 17000000 435687500 648500000 679000000 250343750 99281250 432968750 
10 1
294718750 880750000 874718750 632156250 979218750 983437500 684187500 549156250 2156250 778812500 
10 1
972625000 452843750 409375000 629656250 30750000 135218750 714093750 150343750 598375000 765281250 
10 2
371312500 425000000 850937500 843437500 760531250 961031250 61562500 373406250 567125000 865843750 
10 1
4343750 405718750 85875000 238000000 251406250 51281250 966812500 328312500 582875000 539593750 
10 2
433906250 943125000 750000000 409156250 573656250 709781250 662000000 655187500 891781250 749031250 
10 1
193656250 825156250 408406250 354875000 670281250 801218750 232281250 980968750 436750000 993437500 
10 1
422312500 372843750 367000000 110718750 326343750 854531250 782375000 293343750 62500000 396187500 
10 2
812718750 1000656249 862656250 412812500 553437500 311812500 83375000 258093750 625343750 306781250 
10 1
450843750 924906250 448687500 83000000 872531250 626218750 103750000 890906250 739656250 586187500 
10 2
465312500 609468750 15625000 330687500 932531250 483531250 760406250 797562500 502218750 313312500 
