48
1 1000000000
315 315
108976860 108976860
770683920 899868771
346720787 983336894
834498123 878963592
63325908 997100742
477431563 576799830
219611195 859523301
244178595 965758232
308664206 854335154
576708274 702566607
574053164 593310343
272225105 389934996
199072238 802545244
347758416 989867855
62685019 569048128
481856747 906308176
357615895 940244759
725058748 732291635
156895658 977263710
231208229 597552416
435316020 943174535
283516954 529953918
622119816 737449263
57313762 76174201
655842769 792992950
89938048 899105808
303872800 860774560
76876126 419751580
82155828 534287546
558763390 627277444
625934630 850215156
275185401 967864010
759300516 905117954
21942809 164159063
291940062 647297586
4455703 659566027
100070193 474562823
96530046 965392010
152073734 164067508
208502458 395062106
150151067 651509141
252235482 385357220
703085422 931302835
871822260 922238838
70711387 224951934
327005830 373088779
