4 4
-10 0
10 0
0 10
0 -10
1 1
1 2
-1 1
-1 -1
3 2
2 2
-2 2
0 3
1 1
-1 1
3 2
2 2
-2 2
0 -3
1 1
-1 1
3 2
2 2
-2 2
2 0
1 1
-1 1
3 2
2 2
-2 2
-2 0
1 1
-1 1
3 2
1 1
-1 1
0 3
2 2
-2 2
3 2
1 1
-1 1
100 99
2 2
-2 2
100 1000
100000 0
99803 6279
99211 12533
98229 18738
96858 24869
95106 30902
92978 36812
90483 42578
87631 48175
84433 53583
80902 58779
77051 63742
72897 68455
68455 72897
63742 77051
58779 80902
53583 84433
48175 87631
42578 90483
36812 92978
30902 95106
24869 96858
18738 98229
12533 99211
6279 99803
0 100000
-6279 99803
-12533 99211
-18738 98229
-24869 96858
-30902 95106
-36812 92978
-42578 90483
-48175 87631
-53583 84433
-58779 80902
-63742 77051
-68455 72897
-72897 68455
-77051 63742
-80902 58779
-84433 53583
-87631 48175
-90483 42578
-92978 36812
-95106 30902
-96858 24869
-98229 18738
-99211 12533
-99803 6279
-100000 0
-99803 -6279
-99211 -12533
-98229 -18738
-96858 -24869
-95106 -30902
-92978 -36812
-90483 -42578
-87631 -48175
-84433 -53583
-80902 -58779
-77051 -63742
-72897 -68455
-68455 -72897
-63742 -77051
-58779 -80902
-53583 -84433
-48175 -87631
-42578 -90483
-36812 -92978
-30902 -95106
-24869 -96858
-18738 -98229
-12533 -99211
-6279 -99803
-0 -100000
6279 -99803
12533 -99211
18738 -98229
24869 -96858
30902 -95106
36812 -92978
42578 -90483
48175 -87631
53583 -84433
58779 -80902
63742 -77051
68455 -72897
72897 -68455
77051 -63742
80902 -58779
84433 -53583
87631 -48175
90483 -42578
92978 -36812
95106 -30902
96858 -24869
98229 -18738
99211 -12533
99803 -6279
-61344 -41103
64785 13431
48719 8027
-6612 -75794
-23354 85114
67720 -69176
-22641 92661
65983 13766
50714 37920
74117 90106
-42056 -82259
-84861 -79716
-36975 -31624
76653 74878
-15656 84956
-92407 -9959
-70426 74180
72995 -6677
-94913 -65291
-89919 72924
28487 -63775
53829 -7963
20167 91933
88138 80984
-11361 -10411
72576 -79045
28237 -24071
-19623 78158
43348 -81751
36713 -65864
-70318 -40373
33752 19505
93589 48499
-15849 30989
54208 14483
6913 -67431
76021 -42308
77949 34245
-49545 47731
74689 -67202
2515 -94189
-7648 14144
-30534 -36097
2076 90573
37827 44218
63380 -66645
-22293 20224
-91136 44632
-41446 53189
-44849 -80737
-92929 -15559
52998 46982
70950 -22538
-75195 -69706
64613 2555
82143 71358
31724 -98076
32650 66366
94493 51697
83988 83522
-1369 -87154
52614 60598
-27208 -10296
-66560 -95803
-63061 40509
60276 -33636
-86834 -46768
98082 22613
42210 37175
-11167 14242
34572 63509
-86831 -78426
25362 40020
46509 30135
788 -73280
-6935 38825
4378 -32061
3006 -11461
27183 -84222
81536 -28901
-76171 -18205
-37899 28669
83486 -12969
-83336 43443
-87284 -40606
14617 31846
-76046 -52008
97186 58506
-77188 28060
-70554 -28632
5196 95462
40437 -23204
-54616 48971
-91181 65099
79576 17717
92105 -10211
-66315 -72392
-32325 -79923
36739 -71048
87574 12237
-90587 -47007
36735 -92205
-93612 21269
-26683 -34774
47777 -33711
-65498 -63097
-31268 -18213
-16311 46487
62118 32514
-98883 -64433
-23320 8767
-22644 -76201
21449 49286
33895 24055
47463 -51146
-12701 47441
51530 -95921
-2221 60759
-54210 2143
61615 54946
-34968 -4563
-2662 -63515
6248 52043
-515 -26110
14119 -43947
70477 -80921
-75280 -20881
-27442 -11496
-58573 99086
4264 -78267
-98400 -75388
-70869 -49878
6153 -44011
30632 80962
-51741 92627
4893 81658
-32496 -57163
67305 75114
-19248 -62531
52787 2379
-25673 96160
-73450 -52128
74093 11243
-77314 -81355
-47452 50335
-25873 38711
10145 16720
87572 -90355
86833 67743
45119 -14918
77716 77059
59657 83965
88898 -8648
-56393 -6689
78015 -32044
-79742 92707
-68635 -11377
-82221 -18776
90584 -77583
-42671 23921
-71169 -50387
46550 -53246
-38971 -58798
10667 -72921
58959 80979
6889 -36655
-61440 24390
-2200 15858
80298 62638
79287 -62085
57356 -96175
93950 86254
67538 -84603
50132 87827
-71430 -37655
-36403 -97382
38276 75925
-81134 -97761
90344 -4991
40152 15191
76225 -87419
-39769 -61894
29177 -53656
-20484 -76681
-17214 43245
10001 -23168
66395 -52122
56204 47460
98556 -25880
-20578 -7802
-42472 23208
38312 8264
-8350 4933
-178 86298
-44755 -7530
-45149 -48355
-32433 44337
-98428 -71623
90424 -80755
-23300 25874
18366 -79637
44962 60589
-26477 -45243
-37383 -13069
39492 -49567
80840 -73129
58925 -23882
-37097 68228
49285 -84655
-88150 -44694
28281 -2234
-35975 -18021
84685 -70418
79185 -45182
-83006 -14405
43866 -7096
86281 44091
-40028 -8447
86219 -32595
-73694 -40261
76978 -27248
35596 14373
-30535 -15824
36185 -71341
89182 57727
98455 83021
64616 86780
82659 -21822
-37806 -86353
-79730 -25114
82517 -47210
25818 -77769
-24233 -63920
-64841 80111
-92370 323
8548 49402
-14056 92254
-15881 -39855
-60158 56942
39589 89545
-24348 3411
85755 29505
-61214 94908
16325 58689
-55580 -86584
-25203 36035
17846 -27600
75376 -20451
-79471 -84349
35266 65086
16155 65678
-77541 -89008
58700 -91729
-15781 -82508
75984 53829
-97299 1016
-78839 33738
82496 -708
38727 65263
14769 88123
4130 -60248
71961 -69519
-35865 -59239
98896 24528
-88203 8146
17018 -70227
9265 -14657
23637 -4743
4640 71984
-61829 -8143
57367 15173
79868 57381
20799 -79958
80335 -78330
4216 31252
-81973 -40466
-16048 86140
-78417 -21409
-55136 -54101
23805 30237
54196 -8955
-24067 36400
34579 25666
-38345 86352
12385 -57418
99805 -28697
-15464 71307
-35781 43237
-49425 87496
-79217 -64364
88723 5213
-26147 -29698
54664 55770
87327 -62179
-89741 -14155
-8779 -80110
-68423 -41383
-67716 39179
-77664 -20264
-2213 -61290
-39446 -26765
-57391 -9942
80801 -71898
-93588 -12351
-25199 -99944
66418 36013
-98753 -50371
-79413 -57440
99036 40432
-15308 -76848
-50666 16153
-15263 -37131
48568 24800
-49190 69561
20157 17584
-60526 -63513
66555 -69492
18716 36185
-18833 44974
36034 -30463
-94056 -17105
57054 27333
-3043 11305
-88338 -28303
82460 -87458
-22660 59275
-27827 32861
47169 -46692
-76515 45712
51785 14527
-3568 97543
-86473 97664
43763 -70876
35787 86047
68804 69632
38205 27331
71860 67204
49590 4126
-22522 89180
17892 16303
20181 69271
7861 99322
4246 -8476
-28524 -70188
30178 -59330
67180 99851
-8593 85956
-65241 -89922
-50270 1186
-19290 54795
77020 21346
11736 -65728
-84210 43689
-10776 -27086
70887 -67954
18100 77444
-56872 8428
-23629 99054
59324 57406
-70447 79141
56186 64100
-53652 -83801
-60992 -24086
-39241 -79206
57690 61415
59451 78649
-76555 13364
1604 96025
71271 10774
-99617 -73469
46041 -68824
-9524 -95658
-93312 96408
-38083 -94076
59189 80379
-24085 -89184
2448 -1137
24950 27792
90543 8368
41100 25027
-40344 -58088
22148 -46954
-18463 -94901
10309 -46646
77858 26397
-38967 76886
27330 4587
83069 -94559
5334 -98062
-8296 86759
-47926 98619
-11865 82520
-12719 3070
-45967 -47614
36108 96124
-68623 -37538
-7592 -73376
45981 -58704
65236 -63112
82827 77168
70781 92671
-39160 9432
-49155 -21693
-33309 -10178
23533 -50718
81234 -20061
61758 -38001
20727 -38065
-11780 26818
330 -44102
-38526 -79726
-55289 99236
22862 -17882
17545 686
-21226 39063
-49264 44686
-41181 60156
6851 -375
-89802 -64406
58320 -32084
63134 82068
24941 21218
15 35784
-17960 -58794
19898 24528
47657 85166
98873 64545
7911 7800
51342 88651
71885 -96406
-61917 -18959
97167 -11338
-64636 -67043
96109 -86794
74248 -90146
30760 -11053
-27852 55334
-96133 21888
25087 42759
-7874 28160
19705 -51713
62452 -55451
90244 68191
-96977 46917
69862 12788
34042 32702
-21826 31600
22921 91703
81813 -96524
31971 83790
-98154 42504
-33476 -11554
-20487 9024
16134 75863
-89401 77267
61029 -23211
-21129 86983
-36711 -84647
69515 -46913
83949 34566
24566 71244
-59244 -68400
51434 92632
-59793 46418
24322 -781
-19297 5904
-68923 -2274
40114 84861
-24625 -28916
73558 32588
89399 -3443
-56441 96616
27414 87024
-83394 -54
-48462 93249
260 -75875
-67137 61362
-86617 82677
63791 -7229
-14011 -26139
13511 45354
-23559 53305
-50127 93538
-35183 79257
19449 -56987
70574 16753
647 -1339
82532 37946
25490 46662
71757 14391
-679 43024
-25213 -2881
42594 -67378
-11336 -74164
-6973 -91189
-141 70330
-93685 -57704
-14549 -77489
30780 57663
46208 -39000
98193 -12483
55453 -25885
-92032 -66547
99691 15981
74333 37699
-99146 24603
-41509 72741
91862 45076
-59612 -84864
57175 -14402
-54930 -3524
-81219 -18026
82436 -52016
41868 50825
-5501 745
-65970 -5297
-23002 7789
55399 71499
50525 71877
1691 -88197
-38814 29307
-86891 11883
-35032 4274
39553 -55863
-95136 29305
-44342 92504
-64147 -96522
93410 43540
38948 -71926
81180 -34458
-13512 25117
-29982 33277
-25201 99305
-43165 21894
-75294 61814
-86034 4158
-78251 60520
-84899 78898
27923 -55889
-65038 91215
-75355 -29225
38235 3837
-30392 56463
51343 -2511
19099 -66870
71987 73187
89002 -29500
71442 -16535
18834 -1977
-83955 -17242
-63091 6974
73947 47039
-54742 29591
-7362 75878
-20412 -51113
-35538 -35559
-27332 -74812
-91122 93972
93046 57615
-54773 -86970
-49259 -25371
5948 -66178
9344 -58781
-62099 58039
60805 95734
-18700 69072
-47255 28153
-61863 79049
1875 -87992
41238 -30968
69280 -44133
-85919 49668
-58756 -9818
-38147 -89173
14083 -59048
-97342 -98150
-49970 -35313
28261 55670
-57176 -83155
23124 -71019
2558 -33452
17955 12900
9388 85229
-83415 94324
9916 4035
-22516 41361
-39997 -11083
-27816 -65905
-25473 -55977
26526 63533
-84113 45118
-60171 63936
10358 13086
67039 -72126
-14609 -76593
-34845 -54483
-42357 -61290
34139 -78151
-27550 33460
96573 58556
-91235 17613
-93740 91842
-33388 81614
51889 72800
-6390 -77498
95171 -31062
-68229 98452
55256 80194
13119 31943
58114 -4890
-65657 76931
-82573 14393
-6853 -19052
885 -41239
79105 40101
-11561 -66889
-50786 -52691
78617 -60072
-17110 27047
-51065 -90848
-90120 9564
6519 68941
-53406 -23950
34353 50612
-86447 32735
98824 -86245
-41461 -92867
-56623 52063
-8157 -15246
22634 7839
60499 -42982
77478 -41412
72638 -96924
-7941 -50161
27376 -70286
-94479 -94398
-88041 98864
16390 15148
62894 -31899
-28052 -80356
-6945 -72422
28687 -71514
45913 59120
71343 59595
86355 59295
-98803 -37004
-8042 -12375
74027 56208
-4637 15935
-36826 39334
28614 -57439
-82614 -28941
5554 -19975
27059 14700
-34470 -14137
84235 -12725
85160 26256
-56951 -71555
38234 -66472
-37233 89898
-2394 -73161
-18843 768
-66288 78111
-63710 95353
24006 -4161
-41601 76316
33927 -27923
26730 -64799
50207 -53295
-7351 -17253
91505 92730
35264 -67576
-70578 -22663
45270 -41690
57900 -24535
-92459 80496
50845 -1748
-39362 85987
-71685 66649
-67526 39380
44116 37353
-5 74858
-91685 -23407
-3478 -62284
-75466 52072
53589 -71579
-79708 -74944
8459 57068
-73390 88615
-67609 -61999
75760 81878
-28908 13379
-236 -73128
-15777 29945
35999 3112
-9995 -11553
58623 -45883
-80064 -26216
-33369 87988
5417 10275
47936 22548
-37992 37795
-40185 -88522
67874 40124
16278 -95029
-88541 -55037
46980 1561
10543 -39465
40532 -45660
46349 30244
-98692 -81699
-86457 34993
89530 69778
32816 83480
37121 -95264
-54534 27028
-68204 12999
-74136 16308
56782 -1990
29970 -25658
75829 -27974
-19438 -72224
96704 71186
-2240 4917
98972 30651
-19508 -97767
30515 -47914
41464 30744
-90948 39081
36629 -10504
-6666 85182
99203 -15392
64519 -86421
15424 -61612
59681 53271
12920 -94847
36233 94645
-39248 9317
41170 19310
62233 -46991
74 63525
-77922 87404
-23642 30174
-68954 -64734
32464 -8887
26171 -66634
81213 89663
-44138 -76984
-16064 -92039
-13860 45858
72317 -32057
27448 78109
-55812 3953
-66994 -89636
89361 50443
-14351 -75132
-83 -61833
-83220 -74322
-88734 -59373
30133 60533
-68667 -90819
57054 12056
51303 72143
-36693 93094
36247 -54617
38697 -52935
-68341 -2860
-15675 5324
-14966 38949
45116 78017
22093 -99884
69860 56456
58179 -46124
-92553 -50448
-25633 75591
-39270 99412
-70378 -94343
25054 -56245
-4344 -91238
-72756 9562
-3361 -94105
90724 -84886
-13628 75607
49558 -43564
77521 63385
-53775 -58305
-59044 -73082
59187 41255
25120 51026
-47682 -54645
-81523 -30019
94990 63551
-37010 46458
10262 98496
27389 -41716
41681 8212
50012 -31807
42765 -21359
-64734 49492
-4530 58314
-2380 -19904
-15875 -49512
64921 -4538
62855 -13558
-74048 98136
-373 -88882
92090 50701
12782 -17724
6183 -12214
44911 5822
71323 535
76162 -36378
-63207 77864
-18326 79679
-40226 -11994
22828 -59549
75439 52835
584 30132
1253 -72120
19804 47054
8950 -95493
74846 -32364
13264 19898
-73598 -99996
33012 57111
-59836 -69911
-55738 -71260
-40843 -82740
11106 13604
7994 -56824
-41292 -68084
-57892 58796
-16738 86134
-49232 -68592
32467 52330
-28270 33953
-25776 -66722
17136 51387
86661 6172
15723 -19476
-7171 -23828
-35588 31619
-28973 -84646
-5322 78171
-57543 55462
8579 80390
17186 52126
12237 50218
-89240 72826
-92776 -17954
-3393 61865
-5970 -63064
27914 97439
-44344 -93435
-23838 -53569
-12641 -35434
54063 41663
-38412 -86790
-8174 -71498
-21278 -17857
-13333 -48641
-52482 49035
-71658 93091
51065 66978
7111 -46103
-3668 -36394
-54589 53864
-76984 -2357
4597 -38180
-1501 -92199
-19249 96364
65307 48686
-3158 -97589
98387 -3260
-91926 42336
86218 11426
15235 -93557
78895 -8855
-20712 -12437
82760 -23278
90768 89416
17726 -26964
46004 83229
-54853 3878
50848 64806
76812 -31485
62613 31028
81282 -89932
93284 62485
-79565 87000
25518 -88072
-65426 97827
-83254 -23696
-94755 71813
-36846 16453
-47443 -58924
-56321 -83322
95796 -40869
-11727 52723
87369 -2719
30031 76907
-68545 23192
62569 -30047
90055 46967
-43717 -29287
-43721 -26904
-92873 -42751
-59144 87139
31632 -33910
-88569 25695
-2170 -89477
-37081 20313
-79247 68662
6775 51608
2889 -22894
-316 -30361
48579 -58110
-12099 -7374
-66564 -42875
61789 98416
-78499 93010
93384 29044
98788 96919
-44763 49617
-22444 -70602
61542 50651
-17874 -82085
15250 -96853
-36204 13444
67678 -73652
-49045 64820
-16058 -72166
11989 -44340
-43771 44072
-14441 44842
-12288 66353
41979 43447
-74171 72737
-74681 -18317
89105 69205
-39516 -95854
-51892 57937
95485 -28618
-89685 64602
-68599 47544
87505 16758
91927 -38601
-8158 -72803
-71611 94751
-1632 -5364
38690 -26598
66770 -73730
-19536 26385
30022 80181
-69383 35840
1999 -62136
-67454 -25290
-34004 34056
5938 -48167
-37720 -13985
-27249 -24505
54190 71631
-80327 -28401
85089 -88936
95904 -43238
55176 75119
3171 -30290
21263 -96493
24756 23128
-90891 71260
-54821 -66462
-69596 -93230
68931 -19006
4049 92255
62153 -9968
28078 40715
70137 -40649
7512 84228
-670 -18901
50141 71224
-75349 87454
23043 -57232
-33716 -64088
-46175 77242
-60700 68813
77946 -45548
-87099 -60781
-94923 13411
-7312 78296
95285 61169
-4293 32422
23866 11735
39677 -29121
-29837 3342
86322 -72580
-15135 -56366
14452 -82808
-89645 28385
3611 -68319
88453 -87042
100 1000
100000 0
99803 6279
99211 12533
98229 18738
96858 24869
95106 30902
92978 36812
90483 42578
87631 48175
84433 53583
80902 58779
77051 63742
72897 68455
68455 72897
63742 77051
58779 80902
53583 84433
48175 87631
42578 90483
36812 92978
30902 95106
24869 96858
18738 98229
12533 99211
6279 99803
0 100000
-6279 99803
-12533 99211
-18738 98229
-24869 96858
-30902 95106
-36812 92978
-42578 90483
-48175 87631
-53583 84433
-58779 80902
-63742 77051
-68455 72897
-72897 68455
-77051 63742
-80902 58779
-84433 53583
-87631 48175
-90483 42578
-92978 36812
-95106 30902
-96858 24869
-98229 18738
-99211 12533
-99803 6279
-100000 0
-99803 -6279
-99211 -12533
-98229 -18738
-96858 -24869
-95106 -30902
-92978 -36812
-90483 -42578
-87631 -48175
-84433 -53583
-80902 -58779
-77051 -63742
-72897 -68455
-68455 -72897
-63742 -77051
-58779 -80902
-53583 -84433
-48175 -87631
-42578 -90483
-36812 -92978
-30902 -95106
-24869 -96858
-18738 -98229
-12533 -99211
-6279 -99803
-0 -100000
6279 -99803
12533 -99211
18738 -98229
24869 -96858
30902 -95106
36812 -92978
42578 -90483
48175 -87631
53583 -84433
58779 -80902
63742 -77051
68455 -72897
72897 -68455
77051 -63742
80902 -58779
84433 -53583
87631 -48175
90483 -42578
92978 -36812
95106 -30902
96858 -24869
98229 -18738
99211 -12533
99803 -6279
42673 -22490
93859 -55741
-41399 -72969
26046 -63655
71631 66378
57628 11912
-13958 -55769
77497 -64052
2108 -29858
12698 93157
-84996 -9437
-98888 -8995
79112 -41032
-59406 -50927
4425 57174
-77605 82459
70535 17126
-55390 -12688
99087 -71354
58530 42143
25122 -26554
93319 3898
68426 -57175
-31329 -65164
-97370 -69104
61497 766
-95653 13728
75338 -83471
-23388 -29761
63984 -89759
-21227 42981
14115 -45085
3014 -61814
93210 34565
-44511 83751
8236 12755
-37188 -33502
-45255 -82395
87834 26491
-12909 -20265
67366 78743
19883 -11637
21476 7693
-51822 -88008
91678 -61103
65852 90844
-89751 56786
-66229 2128
8539 -89706
-51173 88820
8158 -81664
31019 80286
71593 97140
13372 -91241
-56923 72158
87065 55670
-60184 23597
-91443 39500
92735 48426
-11285 -46500
18746 51186
96424 -38179
-19886 90732
-65854 -79640
-92618 76601
14616 14086
85602 -84081
69042 24991
-44564 -25498
12222 90608
-80724 -89119
-10928 30290
-59576 56595
-63479 -54555
45105 81168
14183 30848
4096 94996
44716 74747
2740 -47352
50938 -9221
-2949 8698
-65493 -92517
-2750 -35659
47381 -50106
-33527 48203
-4332 -46660
-21212 -3812
74802 -7690
-87307 -50499
-75524 87763
74154 47423
20751 81988
13379 27785
-11958 29640
-40615 27302
-93851 38726
-71405 57113
40436 25649
-26399 -22106
-61024 2486
16348 -39863
73967 -62707
70276 22680
-89738 -21401
-80800 -33931
-24254 34320
41328 -34656
-35898 -32364
-43583 66232
-78904 10842
-62666 -77479
37174 -58613
70444 -48695
-87210 11524
-76208 13644
-60177 -17902
17047 96380
20573 40326
61774 36507
67778 -91350
97770 -54411
-79603 32214
-32412 30613
71181 25744
29640 33329
88427 -47161
12169 -327
66019 -994
35491 -21744
-81735 -16702
7401 16659
-15289 3455
14678 56693
-79654 35248
-3732 -93123
-51886 84870
-18104 46135
23601 -94517
-70870 37982
-40776 -82972
13791 11289
44582 -92505
-63295 24450
-77301 81393
-33226 -97817
66034 80225
-31678 51379
36868 -68575
-5861 -97950
4905 79777
78250 -52531
90827 26748
-95979 41462
-25013 -62613
33861 13908
33767 12210
-29169 -67823
-94970 -90996
-46241 -39790
-97867 23255
6270 -55466
92015 -75819
-28482 88267
63849 17188
-71372 -33318
30029 -41922
87158 -80179
96683 -94380
-75269 60859
-14451 26865
-38042 51447
-97321 4770
83498 38065
-6454 -94457
-49388 -92888
5258 38234
89639 -99699
-58166 -80042
26420 -8240
99804 90852
68578 7872
-7425 -14265
-12659 -62388
-21852 -60717
-8785 -27599
-93236 19022
-76974 47976
37031 -65641
-21007 95775
-12556 -95491
-27931 -9638
-80387 -86480
4385 87246
-88730 25887
25080 3243
-87715 38355
88883 23395
-18612 -53085
94697 4514
-42599 35526
29596 9066
13170 -54727
28020 -7137
84836 23541
7285 -54615
79427 17332
-94588 -49741
46139 -790
48016 6040
18862 -91688
80616 -45613
-39161 -79416
-87113 -93008
-1292 -2658
-91967 97750
-47415 42920
74009 -57382
90709 50723
-40548 -49280
44253 -86046
93881 -46279
-20424 -85049
91761 44484
6837 -13819
-62883 -58327
-10832 94789
85079 50412
-12376 -42058
73645 -7109
-75988 -88182
72331 51767
89567 31104
-5594 94969
-82395 34313
51681 -89089
1448 -37371
85061 -69915
17051 47243
89315 -55592
-28129 24528
-25419 25598
-60967 -11885
-79189 55464
-84273 -50240
-3803 69156
65221 -79030
-73459 76558
-49966 -9510
-45996 -89206
8883 42846
60131 -29182
52883 11203
-55517 8533
-1754 83157
-64496 4024
-67532 35907
-90240 71884
33161 42936
-89359 78451
-77929 -27389
-49947 -24308
-98189 30377
-20812 6571
-41844 87029
55525 -82609
-24467 38805
-78851 87038
-82509 -46839
54884 -1634
19553 -92674
19310 -34378
-14120 -27596
78315 -11421
-11607 -1493
-30322 -89099
94983 96748
23799 -35892
-58297 68672
65536 -44516
93633 -56102
-28746 -78717
-60046 1762
-84741 -73827
-6567 -9999
-20079 -6502
87366 -13287
20293 86883
-78658 92130
29596 84077
-70708 -90529
-10027 3564
11382 69661
56168 74312
64374 76194
-34973 -9484
-42772 94284
-10837 -23143
40229 -2111
-13816 75599
65177 15204
-41499 -52938
-36390 36726
87292 -97278
45472 72270
-37191 -35271
74396 -84916
-21034 11513
-38411 -76550
-33479 -42091
-95169 81578
-21536 88888
-80724 26897
23673 -99999
31522 -96932
49206 34686
-5574 -98812
-3584 -87172
92834 95539
34333 -25492
5666 76612
-69006 9848
88704 -26323
70844 -21880
-13931 -59927
-69953 85585
-48080 90403
54511 -49416
-83002 -21389
-1084 8647
51915 87161
38681 -41959
69336 39741
32276 -57768
-66725 -19741
-20523 -59157
-53307 78654
-1107 -49117
-51379 -46414
42268 -34166
-90396 -79147
-68356 14624
7882 -66707
-77244 -41788
89952 68917
89465 -83308
-6971 58817
77266 81492
88069 -25803
33722 30884
-4983 58141
-65240 21257
50417 -54129
-15215 44041
-11926 -27002
50827 50797
-90884 13282
-88258 79256
-15039 -47715
68320 -57172
-64787 -1770
-78854 -86717
-9044 49450
-67915 -47733
98635 -72879
-18501 53622
-25551 82746
85769 26967
23452 -44549
-44598 -77535
20219 -21454
7646 -71777
-61531 -48845
57229 69535
54623 -64130
86325 14129
96028 -8281
-93314 -95352
-60693 75380
-41435 77116
66428 -29069
1114 -88267
-58488 50114
42548 43039
-15884 63805
98250 -37922
9759 57639
-89543 72264
-58186 -52499
-27921 -9392
-63515 -35471
61891 -22223
-59608 13346
-35167 87602
-25827 62343
58294 43411
-22094 -39043
73311 14521
-68959 44880
-74852 -86541
-97429 -77274
-58389 36168
71546 -90611
-33300 -19875
9472 -63883
-22353 -73149
65560 97673
-42625 -23763
73401 55513
8016 31917
52711 -6111
-86216 14068
27248 -55777
-36260 25122
-21781 -25856
-21624 90526
-31947 88630
40223 -71971
-67868 59363
8863 -3123
-20083 33718
16351 -16292
57778 -24361
-45791 7796
30282 -85055
60661 34115
47467 -35021
30610 -87082
2903 39607
-81320 23756
-49351 18855
-46943 81768
-49276 -24847
93587 32656
-53489 79581
9628 10362
18368 -96821
-96133 81714
-82629 -5704
85669 -8483
-49408 -48720
35198 -99283
-22849 -42826
63898 39332
35506 88747
-34663 40794
85505 -55725
-2316 12394
1670 42400
-47252 -26514
-95219 26679
-71429 -63138
90391 -35095
78929 -8154
27507 57526
-97592 20010
-35822 -69533
-13169 55336
52756 67422
-88154 -21308
-24941 48671
-80788 85537
-24513 38430
-40603 -80984
25514 5706
-15853 47212
91018 5152
-83035 -34084
-73555 -54683
-657 -28903
23192 64883
-33214 45104
-78341 -28002
-73707 -57355
-74241 77285
95121 -63952
17732 31939
40279 -11646
3589 -98658
-13313 59316
-90202 54253
-30098 69893
37154 69646
-67603 46576
-33002 32050
99863 84767
89583 -79753
91009 95866
-89254 79976
10484 -51899
5164 -85512
84534 58634
-80794 53740
78503 -34079
26061 -82649
63151 73886
-8084 -31086
78442 -59787
-43653 88495
-48472 31922
-64864 -79253
73054 -71707
59697 21482
-18736 -45101
16819 -87662
-84328 90989
78903 56907
-68180 53193
40894 -36911
93855 41234
-47018 53711
-31944 -14354
61104 -86523
97271 -54846
13301 -74291
2867 38240
-59747 95358
-13565 -35015
-8398 -25839
-19167 51274
31277 63823
38902 53076
52289 41632
-59437 -29355
2020 44104
-65392 -72720
-86487 -39704
21455 98740
49371 28673
91128 -82138
51947 12874
-71389 26282
-29029 -14010
-71408 -80640
47395 -96765
-77011 2351
-66183 -40402
47075 46272
80489 -55453
-72261 77594
64290 -92354
-37571 -74650
10361 9745
28008 -96390
-86813 -18024
9367 -62056
6213 -95072
-4580 68205
-94093 45815
-61741 62104
-53302 56415
52712 -61106
-82167 -67152
73689 -71058
-25505 64593
-3070 -36595
83091 -89254
-5187 77512
-19942 -18988
51595 -26671
-8063 -91266
18426 -23006
-11042 -22712
-58195 61218
-35539 -31515
-95981 -18723
-73491 -10573
43418 -90954
33943 -24024
89335 -23458
16563 -51430
-96443 92691
-47104 95043
87749 77680
92545 -54961
-41566 -32435
1946 81807
-28658 81850
34406 86588
-36496 15925
-71062 -89141
31840 76645
771 15517
-65299 -90896
-60918 -12595
22127 -18098
48461 22511
45526 54816
-38139 48340
27953 -88247
-26708 86166
77940 19244
-21088 36539
36546 -43423
-17494 -68060
-24372 60311
-52183 95673
-93382 -23588
77404 -78812
30756 -12790
12949 -15070
48040 -83213
90891 -28339
-85287 50848
2467 47037
73407 737
-27475 2423
45552 26188
15758 71184
26933 42633
72863 8132
99015 68525
34180 47014
-98450 47576
35884 -13080
11319 45341
-47377 45566
55044 -56746
87319 90982
-27432 62779
-2372 15394
6846 -36704
42804 16596
52240 19627
-19050 -618
14619 -50241
-52582 -49270
17994 -96984
-23351 91305
-29241 -25488
49668 41348
-92326 25959
-94965 48659
-44431 98603
91214 27569
14655 -37406
-56486 89374
88242 27811
-2101 93948
-57192 -6305
92512 48468
10510 -44426
5635 -83925
88165 41917
21074 -87508
87441 35279
-3760 19130
-63987 61818
61587 -96008
77731 13816
7889 78371
726 35973
57361 68137
69552 -27195
32503 -82879
68085 90684
-44640 -6071
88714 97206
96829 -25505
-42892 41996
-43924 46366
-29043 -20213
-16478 52591
-39611 71979
67510 -76318
-40651 -73805
-7489 -7818
91589 -83251
39024 -16043
8757 -75039
54709 -44933
-94358 -71871
55048 68484
-3410 19502
13088 -84904
-15597 50315
20131 -96041
29266 78722
-5322 85754
-3008 -18179
-76428 -80793
93783 61342
54082 63961
-16551 -5709
67589 66775
17674 98964
-77246 26883
-90005 48325
98190 -88837
-64665 61288
-29041 44367
48410 27625
-56300 53832
-89192 -79856
66708 -60121
-19206 -24060
107 2683
-42703 94706
76847 -26429
-1038 -36015
50285 -79925
-99897 -40059
50411 34287
22261 7252
-95201 -76090
-44001 69401
2675 -84747
43170 48076
94338 10704
59702 -58029
46322 93457
-81380 -14900
34335 -83343
-93207 -13646
39030 15972
8942 17189
-3025 -93727
94951 -52028
-40540 90699
31419 -87557
-56658 -21475
-11143 -88251
55855 -31291
-87422 -56661
35274 4687
-73621 30569
-95017 5899
53114 -77022
-64964 44170
-79762 -24424
22887 12868
95902 89434
42274 26866
69563 -35654
30904 34293
47808 -16573
66601 4037
-44123 -93911
-74023 61367
-49322 53101
37752 88950
53263 -39692
27849 86766
21875 89559
-4693 -10680
-10711 -43099
6643 84610
99878 -4521
-64109 73638
-64247 20354
-46240 -85057
22257 -37505
84878 -16689
91024 14650
-70113 -5962
70588 70587
95776 30059
56025 15566
-48377 -4531
98323 -36239
62373 73593
91913 399
-21770 85669
-65842 38087
-58479 22695
-8352 -88393
-88981 -29175
-33197 -92674
76348 7224
37970 28099
-38632 -40190
98824 -55153
49813 71817
-51993 67025
21321 -60422
-72567 78339
64089 -35366
81319 -30180
-93491 -25451
-26754 74153
-19911 63833
78142 -87057
-41069 11668
-29282 -79931
84084 18497
5288 -25801
-97497 95949
14039 98189
-42587 13557
43189 37212
-22373 -85038
73556 -53032
81852 16695
-95302 6154
19555 -97967
-98356 -99242
-48550 -26845
29814 94875
-96111 -20665
74827 60396
-8357 -13698
-90439 3477
18293 18946
-26179 -89561
59043 75681
81997 -70126
-61827 -70811
-12952 67646
-25413 -881
-46291 -1457
86227 61386
-9833 38343
98235 38763
29398 -69755
44276 -43532
97482 68604
-92368 -17558
46308 85536
59747 75432
-39782 -90418
45021 88300
51322 32780
36272 -60025
65028 57735
89227 66158
67872 -10326
63680 -64137
23022 22438
23984 67535
96725 -16109
55414 -91670
17952 -35777
44694 -64056
68568 67213
84491 -49173
-3648 546
59500 -1097
91593 84139
-73995 -70504
-9377 -86467
-46375 87449
-24703 70682
55240 -48506
2095 -61279
82392 18492
87439 34336
-35234 54021
90753 24009
-50417 -41245
-88001 49182
-58160 49922
-37427 -15775
-9193 -23952
-12293 -97210
-92080 -17441
-71821 83184
83939 -19508
13811 -80991
-12716 97217
80820 -44507
-1294 -99494
61513 48405
-86809 29720
89770 67490
-99523 -50873
-10498 20122
29266 27361
87389 31080
81400 -1998
82087 -40581
-34819 83330
-69950 -69784
646 16918
-17555 -76492
-69631 -73852
-69994 56734
-2461 -33083
32458 96952
62616 -18383
-26796 36955
-61544 80557
-26809 71339
30844 -43137
-52539 -27216
92516 -30222
94093 -21456
-34435 51078
-81552 -31693
-43643 50683
19024 -3620
-62037 27226
64939 16128
36907 59366
60245 85249
57587 -82891
9263 53631
-81708 84066
-20351 -6497
9581 -41391
36835 52710
-8289 -66813
95226 -70849
-34854 29828
18637 95453
76937 -48576
-13877 24778
51838 24488
60115 81202
4964 71335
96835 -83082
85422 84079
94596 92576
-93540 -97626
40851 -51159
-25350 -60916
99404 -3150
-90554 -39526
6839 -2687
62480 -15328
25738 65473
73156 -65054
21568 53378
-69157 35952
-1949 -76058
-69350 -59224
65741 -3062
-1956 19004
-64442 75015
92196 64513
73380 89872
29202 -77843
-69094 17801
-50267 62674
96453 86482
-22815 17500
-48038 -29024
-56213 78264
18712 -92220
7385 22111
-17675 -73661
-32346 -8048
53388 96456
46317 2536
14052 72319
-17884 51649
-17881 80517
-48367 -91364
-90002 -62131
-27889 -57192
94784 -78826
73352 -73830
-192 58116
-35154 29946
23049 -40250
40609 -68242
-64405 -70396
-85863 35723
-49477 -83239
-85070 -96375
-52504 -90602
94539 -80100
-22024 9749
-58594 91612
-7725 40570
53209 -89785
61978 37611
-89257 52718
79788 -1910
64185 -5902
-43283 34887
2769 61845
55762 10049
-47424 -76560
-25359 67157
-74334 -25861
-78522 -5916
30402 52132
-1400 -96660
40462 -62572
-36235 13744
47183 -61164
-71246 54631
-83007 20392
96098 67827
-9274 59434
-38476 -54902
-81454 90242
-68981 -21893
-86102 35191
-49046 -52766
-11391 83027
75124 14829
77246 -60780
-1271 -48040
86416 -91896
-90855 -28315
-2108 39706
28166 -84172
-21046 9380
-71528 65616
72327 -10086
100 1000
100000 0
99803 6279
99211 12533
98229 18738
96858 24869
95106 30902
92978 36812
90483 42578
87631 48175
84433 53583
80902 58779
77051 63742
72897 68455
68455 72897
63742 77051
58779 80902
53583 84433
48175 87631
42578 90483
36812 92978
30902 95106
24869 96858
18738 98229
12533 99211
6279 99803
0 100000
-6279 99803
-12533 99211
-18738 98229
-24869 96858
-30902 95106
-36812 92978
-42578 90483
-48175 87631
-53583 84433
-58779 80902
-63742 77051
-68455 72897
-72897 68455
-77051 63742
-80902 58779
-84433 53583
-87631 48175
-90483 42578
-92978 36812
-95106 30902
-96858 24869
-98229 18738
-99211 12533
-99803 6279
-100000 0
-99803 -6279
-99211 -12533
-98229 -18738
-96858 -24869
-95106 -30902
-92978 -36812
-90483 -42578
-87631 -48175
-84433 -53583
-80902 -58779
-77051 -63742
-72897 -68455
-68455 -72897
-63742 -77051
-58779 -80902
-53583 -84433
-48175 -87631
-42578 -90483
-36812 -92978
-30902 -95106
-24869 -96858
-18738 -98229
-12533 -99211
-6279 -99803
-0 -100000
6279 -99803
12533 -99211
18738 -98229
24869 -96858
30902 -95106
36812 -92978
42578 -90483
48175 -87631
53583 -84433
58779 -80902
63742 -77051
68455 -72897
72897 -68455
77051 -63742
80902 -58779
84433 -53583
87631 -48175
90483 -42578
92978 -36812
95106 -30902
96858 -24869
98229 -18738
99211 -12533
99803 -6279
67279 -20470
-45190 -15180
-71510 -49768
-17428 22322
-39498 -35697
32917 80163
-31375 75775
76151 -5192
68497 -16628
-76802 -64480
-20313 -94079
95951 -89538
16032 98206
-35598 73710
-93500 70375
-47771 10708
9814 -17144
-27597 86999
-63926 -72507
27678 32154
37863 52422
-64098 3721
37422 -30936
-54566 15449
35548 19021
-18950 81695
-97802 -3719
48760 -65244
67540 -16493
-70586 28326
82534 87768
-72487 -74083
22920 -92233
11106 -66133
-44346 -4432
-6460 83268
21941 53659
19351 30666
41707 -97476
55258 -90892
91715 21134
-88723 -88724
51354 -64011
46935 -51329
63900 -47579
68855 30943
51697 -74207
41421 -48651
42431 -66596
20698 64856
77119 91979
-16003 84830
83771 -65161
97032 1163
-79393 60925
91172 39572
-69822 45916
38442 86284
57651 33955
-32898 95716
80007 -18689
-24744 23596
-37347 -84786
94720 -43361
27236 -49100
81102 -84642
-68863 -36042
45071 95565
-39439 -96728
-5585 -36905
-69372 -44220
25327 53249
-57231 -80861
-49694 9516
97751 18163
28659 -53562
-95261 -14672
43485 -68768
-85786 9852
-76723 -35032
-75476 68478
-90671 97714
40368 -81749
47833 53426
-42190 -72225
21584 -12596
-52649 4627
12202 41018
53447 -39447
6190 -64383
162 97227
46680 79106
-90696 2388
-6841 32342
24268 36780
-1219 45974
-12491 46200
-54838 43335
-28066 73305
-96161 84664
50878 15658
74930 20278
58060 86212
-46970 -16249
23265 -93009
88177 36612
-58453 1121
42554 27516
78600 -8232
-4255 84639
-10365 76909
62776 48228
-36622 55832
-54246 30097
-55195 -35351
-85062 30918
99737 -2710
57159 67122
3869 -14697
37047 -91218
8950 -96403
-6261 -65627
-16819 -61539
-43548 -58850
-44954 22162
3630 32149
57282 30222
41128 46753
41799 -75035
-16347 91404
-2974 -58491
-38090 47227
-7202 -14341
1117 -85735
8519 46185
34415 95287
40484 54436
-96737 31705
68960 39221
-88538 -13424
59996 -20066
11680 -98484
93254 8408
51982 59345
-70183 94294
16014 -64095
-19666 -91362
-53397 -60932
84358 -19641
80432 -9483
82055 53625
61461 -31393
-98022 41106
-18546 -78307
-74309 -87985
20960 7595
-73496 -98989
43204 -34153
13447 47907
-82486 57338
24477 -79513
-86606 -35760
-67227 80796
-50203 36087
-75619 21468
89798 51431
-93625 -50086
-69523 -24848
-1978 -72469
-24070 -91164
-31807 -18858
-97648 -19861
-83932 -22561
-1255 21007
-50561 -74060
90337 25759
-38097 -17313
-5203 -9265
-30375 66423
71349 -90998
-90703 -60645
40993 62268
-35563 25501
86874 78710
39815 -30085
-50301 80547
-78716 26427
3481 42333
25285 -89325
-67612 41799
82665 -26728
-76305 97793
42826 -64721
-92624 77583
98158 -18024
97717 -19621
87375 16232
88569 40137
39834 -48243
4497 22002
97482 -5969
88534 8846
27162 77553
14665 99190
-15125 86795
-22554 -46830
79166 -25502
4665 33071
-65852 -76767
913 -31808
33653 61290
25071 59090
85819 80478
46296 55980
-55395 -79174
-31103 68522
24062 -7462
15297 84835
18022 74204
70690 -105
-41331 -19539
-52139 66379
-79625 -72093
-9819 99244
34905 -31833
49652 -33114
-18613 22810
-96586 38617
85374 -58607
76099 -7563
62344 67625
-80542 59294
-52158 -10783
-18704 76552
-33161 -86413
-63223 74855
-59069 10515
17088 42826
-64120 77660
27176 -85896
50150 83980
76283 -17683
-39671 -94245
34595 54922
-19232 -1428
-17617 -17994
-91225 51824
-91037 -76653
91085 9496
-48764 -93831
5808 67863
49412 6023
31949 47641
-64477 -79141
-19975 24035
43504 18213
-28459 -9407
16898 78666
-62396 92119
97403 3480
-47252 -34999
63531 11016
-3425 -19046
-59660 -90917
-12542 46380
-94497 -87058
-55640 -29307
37356 -40033
18610 16355
-61824 -70885
78710 -52351
20855 27371
-55723 28994
-67660 70261
68638 -80580
-6317 53020
-33037 -1859
60399 -49592
41467 -92687
35594 -23694
49861 19617
41570 20444
43769 -40228
-28146 53400
-54969 -20032
10204 75161
13366 -87674
-16603 -54317
23562 -71529
-74065 86820
87786 40572
-26558 97025
-99531 -83342
-1540 80836
-69267 -59576
28431 -33958
-16826 -68423
-92946 66231
80700 66772
77689 85655
-74809 -546
-46155 -12367
-46274 2370
12527 -41824
-45408 30014
20373 42378
14017 -47048
32848 -24857
-17538 -20291
-42981 -30450
36270 34280
77310 47464
-96016 -3667
-37026 -95052
81666 -32167
-35452 4222
-27569 -23729
-14965 74100
81222 -54853
70858 5409
32714 -42772
53442 -67813
85377 13161
-74408 48386
-37091 -32193
-71221 894
-18187 -68831
15938 90380
44265 -87436
-2908 -20461
-5455 19726
89985 39214
31504 -35980
-91995 -6024
23744 59722
-61912 39640
92063 83873
17056 41497
19138 55031
-15702 19947
-65451 -90668
54600 45806
42945 -45690
-37367 -37733
24285 23
32272 -95497
-88610 4268
-41993 43798
-84248 -30161
-30536 60507
877 -26833
-27149 -38716
-4783 -62758
-50995 -71190
-44959 -68525
89748 -16691
78127 -49959
95 -13071
-91061 -59686
-72303 -57698
-27668 20935
87053 -77215
-23904 47456
99078 80853
42840 45336
44565 60196
7746 -31616
20382 59057
87375 -5218
-97244 8455
41136 43559
7332 -90808
55604 -79697
67972 -76008
53386 -20370
60227 86604
12365 -1262
-73861 89028
49937 -40109
-15562 -61989
18732 -2350
14775 -60943
-70531 79824
-55011 -62940
-39807 9179
54545 -53395
-18998 76962
90744 89091
49717 -3349
-45380 -91140
-34441 80084
-36851 -92884
41892 30123
-37314 -88292
78800 -34127
40863 38011
-67985 -56077
82336 58201
-40820 82715
-73625 11100
-81272 57879
90606 -44401
-39158 -19
-31083 -66135
87669 -54090
-93422 -20293
-13423 -69870
-5075 38548
-88038 -5305
-5835 -27439
89200 12461
5131 72170
82976 -77927
30413 -76502
16757 46269
-44063 54501
58327 -99056
-14817 -69607
-12077 67521
26323 96857
-80574 -55386
12863 80730
72649 -31623
52805 -16524
56539 506
-33796 81762
-43897 -5129
-27056 1673
-68588 89387
96006 -69181
-97292 84161
15367 21513
-83190 46597
-39030 21774
8303 15112
-35192 -76606
-65958 23133
-81981 19324
63197 -11044
95250 -88927
-9784 -74832
-88966 -7744
-51840 83567
50304 77696
-55155 12857
-3257 87732
-8910 94386
-96563 -87743
-74020 16749
-78713 23002
92795 24744
95929 -69639
-45605 -7243
82278 45365
83655 -40447
59652 60375
-14890 67367
45205 81452
32668 13905
-39703 64815
84770 -15763
2393 53648
18867 -9378
88788 -53479
-74644 54085
23294 82871
-35945 97486
-45699 32310
-32455 16331
13730 -12340
75140 72312
-70136 98854
-80349 -14999
-6430 29385
47500 21886
-20450 41590
-19448 -29478
63354 5360
-30538 40087
75871 95639
75821 -46573
73999 32794
54745 -10066
-75608 17044
29138 -94854
8765 -61782
-42298 -1397
-22254 10
-32346 34915
-58099 -19304
-70825 -93588
65908 -18035
26457 -71002
78178 2282
36007 -45534
75161 81092
49659 22997
96096 16182
85529 -94852
35142 88052
-73765 24038
43003 60313
-25843 99795
90837 -74359
7550 -57759
87672 -78902
-20888 78091
-7691 -70260
-77229 -69650
-62301 53973
72846 -67950
-56405 34074
38532 -50052
-7095 -1088
-40013 -9641
-23307 9737
-21974 -79249
76378 -57737
11786 -25652
6528 91378
-25001 69209
74812 -73695
-98937 -38784
51065 84252
-72697 26184
-94287 -78459
7575 18989
-33449 -53015
53171 13714
-45646 60849
97091 -16910
-24006 -49173
-51829 54444
51741 12879
-51839 -14379
75909 18875
-46182 -890
6472 46976
-74474 70082
-15665 -37790
13250 -7137
-96169 -89140
56387 53714
69894 89467
-13068 35915
-45316 639
96731 -30981
-18649 -25969
12030 3639
-38206 25720
37799 2994
-29167 -76236
79669 -149
-77398 89893
-99917 26993
-34491 -23683
63376 17799
52555 9465
-35609 77321
17780 -40473
49357 -38310
16028 85670
98005 48078
-66738 31475
53076 84498
85359 84147
-51933 -64925
-32563 -10809
-71656 44165
13099 13769
53374 -2782
86359 -12335
-96035 -53763
10281 -42557
46830 81884
97232 81072
-91076 -88127
22108 -86961
-62194 -70007
61835 -78142
-18167 37095
51036 98461
72093 -35247
-16439 33043
96417 49047
-53086 19949
23612 39536
-95473 10990
-2934 -37037
-69928 7342
-4789 -79052
-93060 3091
-45909 94304
-33292 -74892
-62931 30643
57718 65018
90917 -12779
41188 74829
-98631 38139
-51687 11015
99192 -38826
-6418 -7408
95177 31425
16614 -15499
22153 -58919
-77559 61140
-62609 71531
36572 16720
-69688 40687
-48583 40322
40118 -92947
-94360 6710
76718 15529
-54911 82632
6060 65186
93666 61932
-21390 -18646
66220 -76773
-68410 8968
82419 30726
87148 -27227
-10112 94068
22291 12979
25942 -66133
89068 97828
68115 57756
85255 31642
-72875 48222
-54370 -72578
69098 10326
-31976 -86631
-61807 -63680
99378 -99313
24112 -41084
40257 54121
7610 53117
38759 2062
-22612 79020
8544 -17838
41315 43676
-64332 -68103
11016 32313
-46740 -69340
74133 64393
-3964 71082
6174 2195
30336 -11043
15566 -36361
11103 58429
78679 -45270
73344 -35776
77383 -96721
-22469 -80863
54673 -8771
77840 -28516
18524 -41945
60042 20770
39231 99524
40305 -57941
-89680 20054
-429 -84543
-8243 10239
13008 22968
-92097 96406
78491 -25242
56438 26955
78691 88762
30174 23114
-40459 70015
-67746 -36552
-43958 -55096
-48784 -33851
3661 26636
87119 41379
36534 22869
11049 -9954
-49070 44887
-77505 42285
48051 59820
-79910 96847
-23751 90626
-96726 -98417
-53384 -36479
-43440 29469
17806 81340
-20135 76587
88388 -41631
-48176 -23822
52765 -3407
-57130 -68144
1661 -50807
10897 10119
31115 28617
31838 21549
28388 -7619
-35272 -77137
-56016 -41020
80464 -81701
-51637 -65997
93285 -35760
-93296 89761
75249 -2137
-60815 -52947
42782 -19025
49120 -68723
35166 -49043
-45087 80050
85226 -44888
58221 -54693
-85265 55562
53261 1525
-25916 34988
-9130 53541
-35331 -91224
79929 65076
58012 77047
21103 -5167
-11864 71731
-15553 -67855
-36096 90751
11439 75795
-7662 -60110
-36620 16937
37836 22625
15242 -61190
-58909 -36147
79139 -52647
6583 85442
-20087 28951
-48372 -52837
10565 40686
-39606 9785
-81226 -66793
27049 -65370
-7829 -47494
-56992 23435
-51278 -42128
77827 -23041
-59391 -75743
3945 -41583
-3424 18859
71100 88714
-58282 41515
56044 -25102
58733 57235
-85682 -71324
32581 27399
-14670 12072
-66970 -28331
-3522 -5439
30995 87485
-39947 -37850
-85560 -71708
12296 70606
53984 69044
-76190 56400
-93077 21635
-59803 -15864
93783 -86666
77205 51893
-71511 -6965
-13075 33145
24594 -60062
75240 93039
79804 79638
-91370 55197
-92933 44871
-98983 26819
-84399 -87208
-67905 -93491
20445 15700
-29198 29564
-22862 -31773
45035 -71135
41947 -96460
-65194 49868
-30431 39152
9654 -51592
6004 12395
45799 -95710
97791 -12556
-33993 93758
58249 -21084
-23364 29348
-25100 96916
25415 -50719
-96311 -67047
77802 11964
46384 21908
21050 3985
-95472 79611
-21801 86581
-93467 57604
-85299 -44007
88196 -75266
6659 -83487
2924 -64574
44362 10231
-18383 -75501
16717 -4663
-69878 -89918
22632 84600
24640 -52943
-12599 -90783
11050 -61770
28437 57465
51690 -48503
77510 -4822
94377 -50505
71355 16651
-71281 -25407
-24513 -16694
-33331 -15014
44495 -12777
-74199 3103
55398 25632
-59583 -40751
83152 -46326
12233 -4037
-33052 55378
-16791 82459
69866 -95152
-94567 -22690
47625 -8277
61642 -32522
-18969 37300
809 -17627
61934 -90186
68503 -89074
18760 -47899
-17505 -54080
-75522 87673
-58127 83204
-27891 -30726
-52750 76843
-71744 28972
49889 -95534
-61704 -76812
33932 68995
-41331 -88649
-80801 -76282
-45141 80388
-37984 8960
-52789 86095
79890 -90886
-6943 21938
96639 -52658
-65 84294
-77574 25355
75704 68921
2457 21969
2219 25608
-5921 75196
-57919 -95374
-73284 26499
-7236 -31864
-98730 1940
15960 -10713
-43508 74757
-91797 46374
16761 83433
85275 -4979
-65467 -61437
-30264 46481
25541 -53803
97518 -30931
-75829 30504
-3037 -47106
72030 -21014
-723 16850
-48045 90848
52800 -35553
-46517 -60592
-20850 -4330
-94666 -28279
66264 -21285
-45730 62515
-71314 86725
2969 39074
11850 42312
-29777 32677
23751 -56303
43026 -32511
-52932 -16964
59358 46636
-45310 84768
98888 -10921
-15557 83577
-55770 63676
2017 69999
81777 -8825
-12785 -76974
68207 -9613
-62506 60580
-64523 22201
52398 99376
-36519 -56410
-42015 -57971
-52529 -2672
98813 54418
19686 64475
64826 -83792
66754 37121
27042 24209
-17022 73858
-65868 -26974
16278 92308
32553 -36318
66490 -42762
-93179 30263
-24696 -94263
-1574 -5177
-4758 27731
-50036 -2101
31684 27197
81393 -2594
-40591 -98547
36042 -372
-82299 23563
-39277 -63131
-69257 -38950
-68906 -13724
-19917 62754
39019 -61402
-34947 -90916
25475 62992
50305 61021
-56710 -83899
-63941 12826
72494 35137
-21563 75677
70168 92226
-23090 72984
-42388 -26370
45294 -1202
-13315 23928
-57480 -31803
-61212 37733
63510 61704
55056 68606
-66631 -31119
-49867 -96780
-27056 40310
97724 75119
-24141 16890
38863 -48878
56810 -44379
3405 2010
11056 48014
-64104 65118
-55553 -44600
21511 -4232
81317 -90200
-47047 -69373
41488 -90441
95995 -69934
-10638 49878
71594 83704
71080 -23214
51393 31940
-45583 33187
-72740 31535
82048 22069
-79992 39751
-45156 -19892
27399 -56528
16099 -27456
-95452 -39561
-76462 61570
15789 -32451
6328 36430
73824 -98322
-31960 73040
48525 -12955
-4671 30086
80568 23865
94429 -22258
-48731 46663
21532 14962
-79909 3047
20055 -99935
76925 -4547
11334 12029
-87761 28324
-65817 45382
26721 -15502
-99809 -40970
-69038 -40197
19802 -46394
29591 -21232
-99068 -35832
76613 10958
33679 43816
-85823 -48884
-76723 -6975
-84528 -2484
32157 -38554
2534 67039
-28766 82111
-50532 72712
