4 4
-10 0
10 0
0 10
-10 0
1 1
1 2
-1 1
-1 -1
3 2
2 2
-2 2
0 3
1 1
-1 1
3 2
2 2
-2 2
0 -3
1 1
-1 1
3 2
2 2
-2 2
2 0
1 1
-1 1
3 2
2 2
-2 2
-2 0
1 1
-1 1
3 2
1 1
-1 1
0 3
2 2
-2 2
3 2
1 1
-1 1
100 99
2 2
-2 2
20 100
100000 0
95106 30902
80902 58779
58779 80902
30902 95106
0 100000
-30902 95106
-58779 80902
-80902 58779
-95106 30902
-100000 0
-95106 -30902
-80902 -58779
-58779 -80902
-30902 -95106
-0 -100000
30902 -95106
58779 -80902
80902 -58779
95106 -30902
-61344 -41103
64785 13431
48719 8027
-6612 -75794
-23354 85114
67720 -69176
-22641 92661
65983 13766
50714 37920
74117 90106
-42056 -82259
-84861 -79716
-36975 -31624
76653 74878
-15656 84956
-92407 -9959
-70426 74180
72995 -6677
-94913 -65291
-89919 72924
28487 -63775
53829 -7963
20167 91933
88138 80984
-11361 -10411
72576 -79045
28237 -24071
-19623 78158
43348 -81751
36713 -65864
-70318 -40373
33752 19505
93589 48499
-15849 30989
54208 14483
6913 -67431
76021 -42308
77949 34245
-49545 47731
74689 -67202
2515 -94189
-7648 14144
-30534 -36097
2076 90573
37827 44218
63380 -66645
-22293 20224
-91136 44632
-41446 53189
-44849 -80737
-92929 -15559
52998 46982
70950 -22538
-75195 -69706
64613 2555
82143 71358
31724 -98076
32650 66366
94493 51697
83988 83522
-1369 -87154
52614 60598
-27208 -10296
-66560 -95803
-63061 40509
60276 -33636
-86834 -46768
98082 22613
42210 37175
-11167 14242
34572 63509
-86831 -78426
25362 40020
46509 30135
788 -73280
-6935 38825
4378 -32061
3006 -11461
27183 -84222
81536 -28901
-76171 -18205
-37899 28669
83486 -12969
-83336 43443
-87284 -40606
14617 31846
-76046 -52008
97186 58506
-77188 28060
-70554 -28632
5196 95462
40437 -23204
-54616 48971
-91181 65099
79576 17717
92105 -10211
-66315 -72392
-32325 -79923
36739 -71048
87574 12237
20 100
100000 0
95106 30902
80902 58779
58779 80902
30902 95106
0 100000
-30902 95106
-58779 80902
-80902 58779
-95106 30902
-100000 0
-95106 -30902
-80902 -58779
-58779 -80902
-30902 -95106
-0 -100000
30902 -95106
58779 -80902
80902 -58779
95106 -30902
-90587 -47007
36735 -92205
-93612 21269
-26683 -34774
47777 -33711
-65498 -63097
-31268 -18213
-16311 46487
62118 32514
-98883 -64433
-23320 8767
-22644 -76201
21449 49286
33895 24055
47463 -51146
-12701 47441
51530 -95921
-2221 60759
-54210 2143
61615 54946
-34968 -4563
-2662 -63515
6248 52043
-515 -26110
14119 -43947
70477 -80921
-75280 -20881
-27442 -11496
-58573 99086
4264 -78267
-98400 -75388
-70869 -49878
6153 -44011
30632 80962
-51741 92627
4893 81658
-32496 -57163
67305 75114
-19248 -62531
52787 2379
-25673 96160
-73450 -52128
74093 11243
-77314 -81355
-47452 50335
-25873 38711
10145 16720
87572 -90355
86833 67743
45119 -14918
77716 77059
59657 83965
88898 -8648
-56393 -6689
78015 -32044
-79742 92707
-68635 -11377
-82221 -18776
90584 -77583
-42671 23921
-71169 -50387
46550 -53246
-38971 -58798
10667 -72921
58959 80979
6889 -36655
-61440 24390
-2200 15858
80298 62638
79287 -62085
57356 -96175
93950 86254
67538 -84603
50132 87827
-71430 -37655
-36403 -97382
38276 75925
-81134 -97761
90344 -4991
40152 15191
76225 -87419
-39769 -61894
29177 -53656
-20484 -76681
-17214 43245
10001 -23168
66395 -52122
56204 47460
98556 -25880
-20578 -7802
-42472 23208
38312 8264
-8350 4933
-178 86298
-44755 -7530
-45149 -48355
-32433 44337
-98428 -71623
90424 -80755
-23300 25874
20 100
100000 0
95106 30902
80902 58779
58779 80902
30902 95106
0 100000
-30902 95106
-58779 80902
-80902 58779
-95106 30902
-100000 0
-95106 -30902
-80902 -58779
-58779 -80902
-30902 -95106
-0 -100000
30902 -95106
58779 -80902
80902 -58779
95106 -30902
18366 -79637
44962 60589
-26477 -45243
-37383 -13069
39492 -49567
80840 -73129
58925 -23882
-37097 68228
49285 -84655
-88150 -44694
28281 -2234
-35975 -18021
84685 -70418
79185 -45182
-83006 -14405
43866 -7096
86281 44091
-40028 -8447
86219 -32595
-73694 -40261
76978 -27248
35596 14373
-30535 -15824
36185 -71341
89182 57727
98455 83021
64616 86780
82659 -21822
-37806 -86353
-79730 -25114
82517 -47210
25818 -77769
-24233 -63920
-64841 80111
-92370 323
8548 49402
-14056 92254
-15881 -39855
-60158 56942
39589 89545
-24348 3411
85755 29505
-61214 94908
16325 58689
-55580 -86584
-25203 36035
17846 -27600
75376 -20451
-79471 -84349
35266 65086
16155 65678
-77541 -89008
58700 -91729
-15781 -82508
75984 53829
-97299 1016
-78839 33738
82496 -708
38727 65263
14769 88123
4130 -60248
71961 -69519
-35865 -59239
98896 24528
-88203 8146
17018 -70227
9265 -14657
23637 -4743
4640 71984
-61829 -8143
57367 15173
79868 57381
20799 -79958
80335 -78330
4216 31252
-81973 -40466
-16048 86140
-78417 -21409
-55136 -54101
23805 30237
54196 -8955
-24067 36400
34579 25666
-38345 86352
12385 -57418
99805 -28697
-15464 71307
-35781 43237
-49425 87496
-79217 -64364
88723 5213
-26147 -29698
54664 55770
87327 -62179
-89741 -14155
-8779 -80110
-68423 -41383
-67716 39179
-77664 -20264
-2213 -61290
20 100
100000 0
95106 30902
80902 58779
58779 80902
30902 95106
0 100000
-30902 95106
-58779 80902
-80902 58779
-95106 30902
-100000 0
-95106 -30902
-80902 -58779
-58779 -80902
-30902 -95106
-0 -100000
30902 -95106
58779 -80902
80902 -58779
95106 -30902
-39446 -26765
-57391 -9942
80801 -71898
-93588 -12351
-25199 -99944
66418 36013
-98753 -50371
-79413 -57440
99036 40432
-15308 -76848
-50666 16153
-15263 -37131
48568 24800
-49190 69561
20157 17584
-60526 -63513
66555 -69492
18716 36185
-18833 44974
36034 -30463
-94056 -17105
57054 27333
-3043 11305
-88338 -28303
82460 -87458
-22660 59275
-27827 32861
47169 -46692
-76515 45712
51785 14527
-3568 97543
-86473 97664
43763 -70876
35787 86047
68804 69632
38205 27331
71860 67204
49590 4126
-22522 89180
17892 16303
20181 69271
7861 99322
4246 -8476
-28524 -70188
30178 -59330
67180 99851
-8593 85956
-65241 -89922
-50270 1186
-19290 54795
77020 21346
11736 -65728
-84210 43689
-10776 -27086
70887 -67954
18100 77444
-56872 8428
-23629 99054
59324 57406
-70447 79141
56186 64100
-53652 -83801
-60992 -24086
-39241 -79206
57690 61415
59451 78649
-76555 13364
1604 96025
71271 10774
-99617 -73469
46041 -68824
-9524 -95658
-93312 96408
-38083 -94076
59189 80379
-24085 -89184
2448 -1137
24950 27792
90543 8368
41100 25027
-40344 -58088
22148 -46954
-18463 -94901
10309 -46646
77858 26397
-38967 76886
27330 4587
83069 -94559
5334 -98062
-8296 86759
-47926 98619
-11865 82520
-12719 3070
-45967 -47614
36108 96124
-68623 -37538
-7592 -73376
45981 -58704
65236 -63112
82827 77168
20 100
100000 0
95106 30902
80902 58779
58779 80902
30902 95106
0 100000
-30902 95106
-58779 80902
-80902 58779
-95106 30902
-100000 0
-95106 -30902
-80902 -58779
-58779 -80902
-30902 -95106
-0 -100000
30902 -95106
58779 -80902
80902 -58779
95106 -30902
70781 92671
-39160 9432
-49155 -21693
-33309 -10178
23533 -50718
81234 -20061
61758 -38001
20727 -38065
-11780 26818
330 -44102
-38526 -79726
-55289 99236
22862 -17882
17545 686
-21226 39063
-49264 44686
-41181 60156
6851 -375
-89802 -64406
58320 -32084
63134 82068
24941 21218
15 35784
-17960 -58794
19898 24528
47657 85166
98873 64545
7911 7800
51342 88651
71885 -96406
-61917 -18959
97167 -11338
-64636 -67043
96109 -86794
74248 -90146
30760 -11053
-27852 55334
-96133 21888
25087 42759
-7874 28160
19705 -51713
62452 -55451
90244 68191
-96977 46917
69862 12788
34042 32702
-21826 31600
22921 91703
81813 -96524
31971 83790
-98154 42504
-33476 -11554
-20487 9024
16134 75863
-89401 77267
61029 -23211
-21129 86983
-36711 -84647
69515 -46913
83949 34566
24566 71244
-59244 -68400
51434 92632
-59793 46418
24322 -781
-19297 5904
-68923 -2274
40114 84861
-24625 -28916
73558 32588
89399 -3443
-56441 96616
27414 87024
-83394 -54
-48462 93249
260 -75875
-67137 61362
-86617 82677
63791 -7229
-14011 -26139
13511 45354
-23559 53305
-50127 93538
-35183 79257
19449 -56987
70574 16753
647 -1339
82532 37946
25490 46662
71757 14391
-679 43024
-25213 -2881
42594 -67378
-11336 -74164
-6973 -91189
-141 70330
-93685 -57704
-14549 -77489
30780 57663
46208 -39000
