103
2
1 2
3
1 2 3
4
1 2 3 3
50
57147 51000 13356 71124 98368 67225 49387 90851 66290 39572 38164 97006 15544 51436 89610 41522 27798 15528 16433 44290 47133 90226 26872 52251 41604 21268 9134 55783 70743 17562 79060 73980 70528 35680 91072 52030 23810 79500 1606 46364 76867 72136 71040 29216 96748 46416 40198 55906 57676 68589
50
78795 83462 50720 30962 31778 28645 94528 47830 98221 61664 73940 24396 66285 2970 81612 52500 26284 3380 51437 45359 20159 59399 45005 95422 19948 3212 3180 34384 31900 51110 10190 14088 95684 11395 8700 33276 1480 516 46252 51312 2254 5947 66084 37200 65309 21104 60984 10747 89270 42882
50
77344 34685 29400 73564 47794 13792 66996 70278 49575 62899 40001 70942 89600 65044 1680 28238 12022 40413 89584 69096 92802 60830 67978 25720 4716 76068 74960 47888 4732 72875 21398 63104 48238 15622 9679 89132 57988 63400 26000 29607 42368 82389 32865 46170 11870 67488 54069 23424 80026 18269
50
28104 42656 40875 29266 78792 18700 7654 94797 88884 71423 86913 44834 76635 11552 46030 13616 16970 51914 33036 53718 43115 52805 56896 71240 11628 2118 62372 93264 69512 5769 90750 36618 60996 34188 74072 4540 79505 15218 70428 91024 85235 27578 82250 69478 24736 87916 15148 52310 59639 74686
50
34710 3684 30120 4960 7551 83398 33375 68732 81356 18041 74296 15465 29475 5864 7492 5600 3320 20262 55900 45755 55360 87632 26750 17160 76680 40375 39744 50716 56886 90054 18884 76352 47088 43600 21560 60570 33550 53752 74594 876 71852 93155 97498 70875 22712 63960 67724 25308 56357 92375
50
40640 35432 39780 97481 81817 12560 85960 81444 3940 76798 31700 43724 3555 72400 87462 86280 85668 84516 9231 52850 8880 312 8700 10144 89260 13200 51155 28096 14482 81782 1327 17709 31712 87104 57032 14985 2567 5385 84988 47080 42986 66656 31688 15633 62316 73181 99485 10816 85150 21666
50
62294 99675 6675 59270 24684 60515 42300 55579 65662 36158 73108 74080 35176 64300 46733 96025 33604 44847 15472 12136 95208 2520 63000 18980 85844 97840 30439 19520 96650 77733 18550 83842 27740 71352 34265 15160 40784 37987 55200 64124 78244 17747 41647 69960 16462 92277 26845 46296 40224 34528
50
62760 62268 68950 85060 26089 99812 31523 83278 60710 99360 92888 36147 90064 43776 3750 56525 60866 89206 94432 73944 61475 40 24188 98478 38215 39816 17100 33460 22660 29123 42304 62224 28910 96803 69921 40400 93475 3204 24536 90691 9367 34369 11096 92480 6518 79152 60740 89007 36600 46116
50
71688 95910 72030 22537 55552 21357 76862 37520 4868 66275 25355 25304 26760 15688 47475 65832 80256 42156 80217 68820 2312 51875 36340 21776 99116 18912 38368 53110 67965 41430 10875 18482 88500 91708 75229 88032 26096 58782 84102 75568 46352 91521 75052 36000 78844 27750 94304 55428 63487 66022
50
43572 3146 96280 98046 2639 64402 41952 1913 44045 37568 55405 35122 43236 27170 27874 92188 5787 82535 6253 52600 34344 22155 97325 4870 49056 72228 20350 66616 49700 45491 15085 14780 81524 50964 7684 38904 38390 8449 5152 1600 58835 34154 51711 57135 98600 26204 32700 29137 54880 10884
50
47176 3656 83505 58016 88616 7942 23484 19240 16902 68144 43235 86446 65684 46690 13613 60008 99436 63449 62772 51680 72226 2704 90970 43392 13630 47584 16592 14934 21562 42288 58740 86851 2674 56988 82182 89256 35446 63476 77232 70225 39326 87814 47340 63200 75122 61696 96280 41125 26054 15392
50
23946 43628 51680 99325 50682 48800 45320 43110 74600 51194 48108 7444 27972 52994 63625 72475 44720 51380 64920 9834 50364 18481 34590 40550 11750 23632 34686 32948 29096 8859 33175 23348 51951 80080 85344 5885 49696 74488 5576 14512 85360 25506 52173 80949 51735 60925 93200 13535 12624 38082
50
22700 40235 66829 98496 56098 82168 31220 64946 92320 85162 13180 92136 56010 14040 96012 38734 17253 42975 72300 22622 10772 80008 86336 49854 61320 61484 37406 45144 37602 61670 4200 4964 26684 41544 7387 16826 90456 54684 84986 37968 43420 33792 48250 45464 22013 18362 66236 16388 81468 29956
50
20046 95564 37981 57360 14980 78406 79659 33850 45208 23850 73168 6789 33155 93409 45248 90760 34242 41229 90540 36684 73570 47451 10505 33263 35020 36556 93962 21760 59958 20180 16938 8620 76416 72994 75154 67955 74378 96750 63172 26738 19628 24346 68715 57375 14196 83880 19840 4576 2720 39010
50
76190 35604 64096 2888 31736 37216 30504 28280 14208 45707 4615 42900 98176 41073 64042 35200 41460 3543 36840 26464 46580 49975 78854 97956 10772 1040 54480 3265 9700 69072 82290 52862 17967 74089 25140 21976 57780 16902 52402 48391 46528 43040 87136 43931 69590 2504 48142 5459 11840 92329
50
87312 63932 51602 53352 7900 39496 36480 40336 86008 63080 42020 50562 52227 30590 70995 47136 70684 62582 6750 72103 22595 82328 9947 17960 89544 91796 86506 99240 43843 5656 81886 60224 27309 41164 56334 25728 25178 28165 69293 13280 18036 41062 86710 98102 7460 54225 72893 19084 54920 7617
50
15650 32775 87750 12045 2348 56024 832 44404 60210 14197 41695 26698 82897 10368 7484 9758 73676 6740 24040 12581 44044 23091 16310 38882 65392 56176 43555 46428 34930 81024 15282 20722 15470 62984 80496 43960 59828 66450 21239 365 35268 35445 17602 47150 62947 78890 99995 37988 79872 38356
50
61830 88155 95904 77480 59115 67794 1068 87288 88386 3012 87880 42852 80256 37682 92255 50184 62208 51016 98020 20215 16714 18200 19323 20275 38440 72377 54828 59302 25720 23894 98192 87724 1245 98844 46862 42896 65000 5054 52744 40595 69107 34312 31107 90981 96482 87255 84312 28980 39025 39884
50
92432 22008 18440 77440 9043 66968 42064 6720 90423 45477 39127 25920 10010 66200 3680 54875 93368 46204 94864 28200 19750 370 2880 87994 20640 85840 63594 46040 2402 81360 65120 43800 88030 77908 73808 97740 71025 9632 18710 81906 76362 86976 60624 86938 68500 51265 85255 59920 69821 42055
50
96141 65956 52957 80454 38999 95880 99192 54427 79328 11430 10235 50278 91976 52420 19210 49480 68095 21870 96787 47990 43674 30370 52452 20904 41365 36470 4330 74105 62569 64646 1647 77910 22146 91272 26436 63392 37123 77960 97427 79324 96873 58263 25365 35345 11950 83302 51612 85825 48034 77078
50
47632 6154 39810 9760 23206 44292 33550 55244 77890 24462 83980 42215 23880 11750 24494 95 80670 11392 61338 14240 79515 83774 31936 1800 25458 42112 36836 96957 87612 46750 22636 12663 95067 74020 30060 77576 82880 66625 19616 82010 19516 10479 46460 51552 27743 96110 68329 49903 10515 48304
50
5605 87064 81037 33815 69218 81036 61068 54222 64493 2462 71807 26314 40782 93702 6567 8200 39040 2470 35660 40014 83140 5170 82686 12370 81680 90868 95415 62475 38438 68461 77734 84277 2878 40448 58520 95886 28680 91822 81525 97236 45780 30573 84020 76550 61152 37939 39550 12700 48412 91345
50
22369 80470 56750 33662 12890 44658 95126 15616 19658 50170 11136 9690 79080 47862 75606 87464 44994 19027 80805 78940 24440 48485 87792 35786 61038 88466 98848 25770 33936 25782 25595 69696 31570 76717 1862 67294 72008 95279 59936 78542 66700 35640 39292 32660 55616 9160 16020 32842 71195 91546
50
8324 33400 91006 18926 54296 8564 35366 63685 16548 79139 47390 24668 64528 74360 68648 37260 1690 69970 7756 33137 39720 95041 620 64526 96583 97980 80079 94873 14130 87920 78778 34599 42570 10015 80840 61873 27750 66418 51675 20277 31713 37416 76600 4330 84190 63120 62498 36480 12630 65334
50
52531 27956 27348 26460 15180 16207 3520 27214 91575 43126 10806 85364 14216 24069 33111 98590 3592 37246 80272 78713 49719 55375 43502 164 37489 24574 65674 30295 26688 81664 23524 18532 62264 48512 97230 7260 53261 796 30430 9948 92362 75201 57880 51752 67350 97767 3192 78800 97020 29026
50
94959 19521 78150 37500 16655 20256 36774 1560 21504 8780 28294 74 30125 6700 48738 14600 40571 26634 93800 30334 81470 42660 1276 94800 29890 60350 55976 58926 39610 24164 10333 1438 20565 94862 92705 73406 73440 56850 27656 70240 69174 62424 71625 7734 71796 24384 27842 24498 95438 81275
50
96244 19700 49724 52560 26944 7459 27012 82496 94618 92524 70563 35137 22224 23045 22888 65315 21640 91363 16400 59413 47392 68146 96576 64442 44630 10540 85836 82102 9455 5600 29265 80180 52169 71768 12160 2094 30785 19460 14916 49548 53304 33472 91926 82116 67524 43332 18800 6442 13360 62484
50
42656 11092 4093 11480 52158 92708 58316 31642 30384 99504 82764 98613 35544 96670 12920 30820 97254 34131 72233 42610 23216 15932 45709 27060 64868 95088 79051 16462 39390 99356 46300 91896 35752 52539 61166 40200 24852 58907 95003 63292 21576 23830 81104 5470 92520 35158 13066 53560 25834 9758
50
8767 8574 45572 41040 22174 65726 32480 83155 60974 79123 89314 88020 51376 89764 84080 60889 97046 22048 4480 63371 13304 3924 35241 68220 93590 95831 52064 87242 7080 69432 96456 98138 36600 56000 26100 11404 28011 67829 76720 56496 67843 68784 17504 84510 15072 5604 11097 37298 92572 35336
50
78851 29130 81762 44400 54943 40738 98395 2512 51684 72457 35443 94304 66061 44770 31110 77127 6460 61477 38865 81832 42537 20080 95327 74465 79180 32200 76000 92830 12828 80356 4464 4680 69842 21093 90471 16964 94800 1674 72190 28294 36288 11040 17982 17434 91588 42719 3648 32078 74950 38869
50
74880 59084 76268 24163 65206 99227 24300 87378 40513 52478 81155 84994 68199 11166 45160 36038 15664 39945 24964 86204 75890 76160 85292 17874 56960 51558 45160 40904 58778 91558 76665 99043 11152 55985 35322 27914 12864 32864 85190 91391 82880 57279 31780 44200 47200 35304 62050 71145 58551 57694
50
84119 44094 60640 10053 84480 33000 2405 80040 65625 59760 67440 26832 69335 52352 27624 44497 74448 13888 26500 55782 48007 34608 24825 26200 55716 24138 41189 90580 45010 87217 22612 93152 44127 66954 63783 1474 94580 48456 51704 68044 80815 69264 32123 76365 87220 11968 75325 19687 63895 69620
50
70310 92720 66500 66192 49205 61788 28192 81520 78782 74310 32060 34199 94424 90835 87113 74362 16886 93616 5330 34372 94956 73613 44676 29996 41832 72440 32708 95609 67730 28054 87980 43150 40568 22831 64600 12475 83085 40840 56824 91888 73830 14725 49176 74426 4244 34084 79378 80542 47400 33226
50
81300 58471 88502 6912 42450 3086 10825 37496 79085 63842 48529 66560 93125 15240 61000 40732 24281 49951 52099 48029 53900 23544 42200 34376 90919 99692 31796 2144 91898 64830 74744 59376 73269 56506 61582 75391 57952 29233 78268 96928 87968 29824 41736 28640 89992 32875 71616 81656 17086 4585
50
98232 13118 96313 9510 58311 8112 25672 48712 92389 23232 19996 51326 99299 43161 71456 24412 92445 57356 28020 42110 25482 35926 91322 48042 18545 3818 47676 69692 12560 93520 52726 14928 27506 61354 37036 57038 95434 28820 5973 72900 20092 82946 16630 67880 44092 47545 46522 76370 56195 67296
50
90452 55985 17172 36664 49369 56662 54750 20120 21344 88400 8538 13792 92181 23920 43420 25147 98751 61455 29952 2848 40875 30048 31816 44256 31716 72348 43288 23956 68113 62720 20360 10412 84763 31277 39335 13704 46626 4804 2845 55440 24420 58650 34173 45430 70900 85911 73310 9510 95000 20906
50
84920 70480 31060 91879 70016 64945 69208 39156 48406 96279 50521 42400 9331 35280 61344 40212 13908 49799 45627 9152 44680 15720 39700 52745 78269 11716 92749 15108 56016 33175 32608 2208 58288 92215 6526 29440 21466 11334 5750 51502 53407 36180 45843 94420 25295 41728 50100 39940 91596 82260
50
97454 59102 84029 81730 51716 98110 35234 45828 69325 21196 38846 22451 1952 68469 81700 4110 45578 75104 3232 16488 62479 93788 67000 58150 67350 34008 73832 71725 21280 16520 43848 83008 82800 36372 32440 76000 30978 96470 37570 50528 34462 25046 58126 78605 89680 14568 61930 71669 77564 85724
50
26814 50070 49900 9494 11872 98579 48912 77548 57660 20928 88980 2600 41216 20533 16320 85508 44942 71988 45419 58775 58039 81638 86656 57034 99182 81484 56088 61196 3990 17080 44196 69317 58517 91566 70240 7672 12157 18409 65693 93832 90208 58259 89742 5126 45155 58402 36832 94380 44958 70770
50
63285 75728 2599 92992 88912 44552 10632 7112 71553 13410 38610 87192 92944 37246 62560 92864 20652 31690 71531 11815 45989 42900 17088 43936 51285 94332 26650 39648 68670 51456 7726 77152 47150 20130 94250 41120 86139 31392 26160 80992 69500 88340 65250 66996 39840 19286 96100 36416 51360 27294
50
29656 6900 96610 83900 28853 94652 12735 38640 9140 56635 70040 54870 17448 44537 56393 15287 97800 76540 21011 74234 68391 41704 17187 71256 31946 19516 7910 94859 77312 14620 37490 22700 8840 22474 78016 37680 23000 19836 34192 27963 12805 12875 88592 15601 72148 84424 59273 14292 92276 91423
50
87101 38400 99424 6480 24205 37459 73936 76636 13599 5356 87854 64675 95224 86818 49152 97170 14434 61032 54766 42672 75185 52235 89863 90901 79744 53315 17220 55808 44152 21980 92672 95915 21866 63000 53640 80266 75620 69507 47556 90170 16359 13190 87776 95026 17856 91458 87415 18132 26684 22988
50
62601 21400 87472 72061 35840 63830 63296 98608 74542 21656 88168 46210 74000 90725 85750 21760 96483 65816 64832 95815 96466 11622 35936 83104 90203 77320 79616 13622 62015 32562 81075 7879 70600 1870 61097 14040 70722 90085 76090 47215 81655 76005 85856 51080 85792 53320 17568 23884 25480 29044
50
53456 16736 77187 98490 35928 18308 49090 55680 97720 7518 19600 30397 5275 35864 17250 36256 91216 38162 2130 83170 16816 73526 63864 56525 88720 27040 25848 32176 42650 96870 68141 30294 25657 42695 991 62020 17426 71570 95791 83664 30735 86474 98173 91119 69932 68524 1960 1432 21750 11584
50
90868 80651 27033 61871 80753 67268 66779 91839 64970 73435 52220 33995 43168 29996 49201 39918 72025 93724 54997 20613 97324 9680 24476 10630 77363 8774 48390 92921 32155 15828 92692 69336 88772 55985 44584 97264 43370 21347 12530 97954 50110 36726 33193 37600 73200 11040 2316 48626 31320 42368
50
75716 66744 6440 62492 57778 56812 82496 34940 8375 121 25952 42720 91904 54560 54189 92642 27808 32175 7960 35990 86032 86904 23360 95424 59166 71424 48460 91308 3119 64488 59897 42643 30482 89032 23287 36086 52260 64684 33528 6816 90902 74020 1408 72268 3695 52736 76192 51596 44928 42728
50
36296 53564 85400 37080 71045 9948 422 61176 39062 20729 49181 88380 81950 18485 63376 57270 95520 96852 23344 81544 98188 70012 53248 64080 22117 16721 98444 97138 94766 71492 43924 70042 22256 52859 70026 2521 39405 98184 60299 60432 29440 15424 95088 8885 61215 44912 39048 20380 90304 81120
50
75098 27430 20308 37232 57208 78526 13492 62500 25462 43876 34650 49888 64420 8569 69799 35466 88144 25888 60567 72450 49671 51292 68240 53438 32640 25712 13125 72580 6880 78160 12672 96047 8410 12488 53635 87016 59560 36682 256 34448 13964 66455 81736 29378 97382 58586 49723 91570 36 65412
50
58400 59781 38136 7950 64000 18741 25048 1663 99072 69080 29475 75008 36388 12340 48585 88790 4000 3200 41318 76779 25230 50024 34885 97756 31334 88470 69440 90039 70520 60594 31712 8643 96544 69150 77825 34366 35648 21130 97321 32601 59320 90265 66142 57904 81648 50800 40385 23444 51781 23096
50
35910 45202 75676 5700 54168 54700 25616 28712 38164 85722 54617 85195 88970 40760 44062 25370 29556 64130 97980 60880 15849 74140 79282 49817 48234 40168 47624 78255 4464 34741 26576 79577 45619 53852 65950 4760 46124 70761 37200 34428 65960 11428 17755 79242 77320 42300 9804 45574 72250 6411
50
91177 33430 27164 45054 50417 4800 53800 47604 59300 28692 78931 71410 23120 76970 28052 8323 51455 72087 64027 78043 81904 21164 71714 40000 92744 67243 88440 64243 6119 81161 31925 37935 59926 9192 10915 43480 56650 57311 26784 9452 93700 8760 35290 13340 79720 17964 8992 48437 8376 31410
50
24600 81880 96000 75100 24302 6008 51944 27576 60896 64870 45764 80914 71092 54160 19962 87500 94125 63352 26282 98944 68208 49372 47361 78825 43268 99398 1600 55775 48800 42336 47215 2225 85588 24736 87950 790 88996 28905 90506 91030 18328 2240 50052 95221 14805 71125 14712 13553 45060 44992
50
67264 63540 28288 63180 75177 22393 18363 55969 84152 94510 65360 53976 1319 10400 62086 89524 95946 80050 8885 51273 46520 42404 99427 74392 64616 20670 83376 3103 73554 58112 55680 71876 44026 80916 80497 36350 21420 8085 80705 95634 82767 85780 17380 85205 20894 6200 58025 7870 9868 61040
50
96780 7628 96404 45800 68235 15178 84241 8648 46852 78024 42120 97791 66420 10266 54608 59616 81508 40512 81975 63690 99394 15550 10672 63455 96437 64800 23980 29464 45588 22880 99424 49807 62520 11211 77898 75134 52900 54912 59670 35483 73336 28800 23792 33010 46425 97200 64160 9116 44056 44790
50
59488 82685 49520 79702 50645 15278 22180 18740 30684 60368 7860 81161 56750 57775 9994 47021 43650 95972 66216 10715 48300 2912 51200 48960 58959 70207 89100 69600 18720 585 86459 6320 39084 83330 20275 15109 96444 94075 41183 64872 12932 50216 72270 64828 97237 22600 22945 22508 28064 52240
50
93842 28704 99392 69865 2275 19874 96214 58904 6732 69264 60608 75296 27220 14773 2927 87404 41280 85232 72264 27248 72096 57482 21221 96731 27024 29353 3560 69440 69196 77192 42905 48960 83322 98920 50728 98976 63647 52499 28400 31470 53614 16491 5343 56435 98818 84198 78874 78364 69048 56412
50
43032 32420 39214 85794 29688 75482 62123 63805 49760 8358 4348 83940 57500 63065 47200 15390 85844 27080 34405 60472 20521 68985 52413 30600 90456 25724 99864 36352 73887 24932 77970 2460 26044 92610 32240 28293 38112 95673 64276 34890 71483 19880 75016 99945 42431 54785 7153 18070 32704 69256
50
88036 54270 82099 802 38928 66004 14488 60448 31137 2033 22506 35935 8012 65745 67020 95632 80801 17933 56018 2168 37297 61358 46972 814 78453 58586 27632 95359 68973 53578 7747 88192 23218 7738 29264 29820 2144 72485 73776 70138 3898 24763 11265 10408 61650 70740 63203 40910 97108 24895
50
8000 44616 33380 80416 97484 8855 22709 39166 94100 54020 57093 32698 7100 10243 63468 97374 93390 83320 45062 15360 14965 97608 74320 51770 88320 87650 69728 91830 31230 34373 42480 16070 66474 77111 92300 47770 70924 2232 64896 31930 30594 39424 84600 59639 99670 33680 58690 97521 32852 65350
50
45705 61728 18112 82800 16539 80628 35890 93046 81698 36144 30765 63847 76610 15295 74896 98980 73098 85735 24695 42930 93263 34808 14696 70046 29738 4808 12500 1510 68096 89778 17802 6744 2626 75200 51375 65140 96240 51988 10197 44757 92270 44693 95128 82420 58596 93314 92515 88640 75034 49344
50
91563 34932 38802 5870 82752 70526 7307 91637 48945 35256 48180 92833 36687 46755 16690 7522 52704 42092 30437 49140 50736 19900 26480 64966 40040 52956 94504 28553 72884 9660 82623 74816 41126 9745 79900 1936 78216 1856 40552 71287 17283 39775 57768 11880 33153 83420 37940 83874 94324 19056
50
53955 21920 10414 40034 43024 70124 40465 67240 73402 97475 3840 62055 58472 11199 30310 55618 43010 24444 7280 48768 94465 71680 69998 37266 90582 44253 46476 1092 40717 64375 15070 51240 85414 60011 84288 11468 92125 47978 86176 34924 64992 31674 23204 61402 27448 7932 94112 19988 90624 33736
50
8204 93960 34331 84074 87100 46948 68951 81100 1542 86870 50858 55367 70016 22358 20530 90288 81718 56944 26632 73985 1840 3320 99942 56334 85952 5520 62944 93109 61953 20080 5610 59231 80512 46670 90268 3272 98024 41374 45055 29581 57061 59060 73216 28416 62832 16642 85740 67705 56124 42558
50
6167 87886 31860 61776 36368 56830 82518 18330 99434 12350 71593 99750 27517 50672 54872 83184 70360 63732 9876 50260 55264 46984 79549 1483 52560 27230 9942 28670 43340 3570 86048 37348 42768 58686 33925 43976 2872 15724 97398 25622 19492 19512 67075 8744 9551 69084 85980 39854 43110 35464
50
3177 36946 19228 64850 36295 80004 83385 41619 22156 62735 50674 59836 42701 17062 38875 72770 38366 40400 34296 29281 49251 53808 21005 4620 92088 27616 50995 39800 62388 24080 33840 4628 87862 7628 26210 51400 24106 10644 4464 56892 68849 55326 8480 48420 54340 49703 28328 89765 95460 36762
50
64208 30400 32842 92568 19728 78282 62556 14794 87782 1958 78080 93372 69665 75220 51598 70240 3310 68545 90816 36184 21354 10987 63736 27100 58500 29315 25780 70659 60965 85428 89720 34190 76344 60160 45744 53262 2152 54444 71700 63036 89080 72816 9734 79000 81388 19200 50616 54572 7037 29849
50
38634 22465 96530 2412 93872 30826 78382 43790 55496 67769 10022 51148 65865 87140 60812 39848 68152 3676 96024 60090 39352 91980 71623 55468 2500 16224 38683 76076 96114 25384 30808 37948 68592 87050 83420 98670 18515 27987 97923 27070 13550 75752 46248 43088 4550 66727 29042 72047 63570 41060
50
64919 42300 96032 30672 3654 32206 84050 55330 33680 88600 24984 33648 97125 70956 31826 81188 5564 81213 45780 65556 43247 9800 82590 18481 36760 6833 34372 31805 57095 55666 4255 69512 92713 75778 77447 52405 24790 59340 69620 54120 3282 62403 15778 64173 2500 31048 17072 68310 48368 500
50
49598 14323 3478 50534 32435 48048 94004 90080 33450 93732 6820 20512 24385 62496 15322 41315 42412 78140 59500 7200 33978 97957 8416 26360 82688 97690 59906 43610 89020 66756 37970 47915 73582 71692 14316 20719 81616 11695 37750 42166 60061 38806 15780 23104 47996 11854 90038 53794 40737 33766
50
68535 48600 42350 99893 9445 53011 57152 23256 23200 32066 70060 69541 58232 8833 94562 36951 95052 13695 12880 11365 32900 81580 79236 71432 64373 35108 70736 28302 42000 29040 57900 66072 13442 41922 56140 1 76324 3264 74945 18983 97112 48896 54480 86549 73750 62830 5120 54336 75157 71920
50
96646 70666 21058 83797 44960 44940 27784 3770 52248 54456 71760 45697 49592 70316 37747 4541 70516 6475 91800 23677 35944 21164 28523 55720 26830 83420 94386 35936 97822 48774 22630 43885 64293 82582 61190 58330 9042 93150 59872 81296 58638 2808 21995 99359 13284 69680 56135 78352 30743 27720
50
25127 94115 23111 77424 61706 25000 50723 55808 10120 27126 22505 51673 17490 33500 61467 87810 89205 29116 87361 60107 57705 40868 13800 99116 54400 51824 36875 64960 55551 33383 69375 77740 4666 30114 8320 15067 73222 90075 30780 61050 97480 62960 22568 68427 35200 38841 18888 70310 73504 1934
50
33840 65780 52105 57005 57248 24710 53376 9170 36852 65295 58045 41490 56093 72620 8472 74816 97795 63375 72100 42772 26360 6335 84934 44568 62903 11520 46448 33969 93170 15047 5256 865 42185 28662 13684 49938 98870 59920 28620 94560 66112 55722 51375 51404 69400 69520 75206 81288 40578 56690
50
55806 2382 9591 18940 76528 29526 23909 83128 17420 62502 42200 49800 72080 76170 15032 22490 32520 50352 55200 38782 18260 4952 65396 40880 45760 92601 97080 79300 67750 85254 84950 61080 32624 99055 96398 11790 14668 82988 26012 74676 55019 35008 9358 39557 64280 74622 76373 90544 62127 53219
50
64130 38838 54370 79802 31702 2686 90630 80736 41663 9178 29170 45304 67249 55106 46360 14043 96325 43028 85128 53328 67890 61439 11556 6442 88240 15415 34425 11278 66850 9700 60594 16983 73328 31288 23997 56745 93211 5570 6464 39444 87904 33527 62376 89894 28960 14036 11402 26065 5438 71616
50
70324 55330 62050 65531 58310 50375 39872 33900 49399 46469 2869 50652 9733 24990 42411 51508 5088 51138 54804 81266 4132 58248 29488 10142 72192 68624 44700 48324 88560 67822 31400 57750 73930 8560 29960 27710 53950 60848 96728 24690 48756 86680 95524 95036 38355 43724 78192 29209 83092 29609
50
91840 27235 7270 63149 84171 56535 11017 22240 20574 93337 97440 9040 58112 60720 68534 98960 72766 1785 91680 82580 23578 98355 35196 66748 9497 36750 27568 59342 70176 35833 22210 1118 46861 27687 15220 33630 375 65044 86994 83362 17187 32098 53988 25226 25760 99066 34120 91758 20228 48954
50
94306 95555 83289 38496 45275 22500 81938 77592 75696 61140 51450 32631 89971 85928 82655 74364 16238 51596 69965 35544 20192 65858 59768 23354 90884 19680 70358 2112 87784 69712 56677 18832 15328 5868 93065 99696 68775 35377 70201 94830 63294 47024 34620 40916 43625 53184 93344 48344 89888 10864
50
41256 90272 35720 84823 50492 4774 76055 32482 15306 30040 35392 83933 11508 26040 53185 5824 11500 24688 4657 92844 24062 32394 98639 6384 60700 94224 40280 45792 36934 94485 88738 23650 8600 86731 40044 66046 20886 20765 84376 15296 92164 48322 30373 22176 45816 45312 17540 7896 40278 78066
50
95450 75862 13805 1752 54916 84298 6515 60357 4400 45556 2000 92808 44614 2218 84775 11950 23860 46807 79740 94548 81532 49696 51800 1661 72256 39900 81824 88590 14680 24621 87635 49052 26800 44680 84408 18112 36420 64416 87103 60512 33908 95347 62788 95654 46698 99198 24190 10846 67 39174
50
47945 45089 99849 6934 65028 66644 2864 61638 59528 2018 3571 26772 7470 42015 98536 50709 71781 78576 14578 81850 47142 44341 48343 4972 49120 97705 13600 38550 7182 34924 64700 46125 4128 67140 83730 69148 93137 17610 83634 36472 59370 64294 7150 82780 30190 95999 5388 47502 7854 19714
50
84475 35200 1750 641 37536 15260 32557 62190 95244 92420 69790 37340 7692 12535 52324 22626 72178 8496 58016 23431 96224 87156 74268 68216 11037 85439 40700 83033 64500 78380 43633 39394 96878 73216 87037 68209 45374 43243 54304 17144 92425 27580 83778 86844 21794 8812 41680 45232 43512 7828
50
77719 16266 97760 91778 84580 41118 25876 91592 39820 18120 25082 50226 61356 93126 11630 43990 66292 5163 38920 89634 33750 72084 18060 94855 5430 22681 39714 34910 11174 16320 36658 53562 24054 89515 35491 36115 24984 99380 8065 76260 48920 89214 82850 5825 57769 7781 2140 17050 61143 49345
50
32160 68437 30324 11152 35344 52392 69070 85335 71898 94480 73008 9248 49736 27156 15928 31963 99680 5990 18964 40629 56208 47900 2625 3050 75955 66918 89680 9652 57390 35380 50521 84308 19750 72460 90964 38708 24816 44235 68517 2788 4750 19008 99072 24150 9095 3965 84778 29925 84060 15780
50
86501 45563 85272 4074 3280 36439 17404 3006 99500 73420 32381 330 47686 68285 50863 21030 29384 32800 73245 15344 54752 16480 62000 89008 95126 7839 72736 2488 67330 6912 82680 60551 42757 96250 81463 94944 8802 38293 21660 20890 55824 35208 72976 76672 14666 48678 52757 81408 60000 50888
50
30488 96411 44323 68645 71220 27200 41276 48568 32556 79583 73227 41546 67318 49234 14500 9792 9560 56781 16784 40900 7200 2341 19349 1510 84747 55537 8188 94520 75290 94212 60808 79584 14176 75030 94057 9856 75102 28660 62535 52713 75667 52092 51760 60580 99498 18191 66700 37945 65341 88344
50
57640 11225 38184 15452 98305 44250 83802 81000 25784 76510 37981 62560 79756 81368 27177 79019 20064 10150 56000 27304 34685 29555 15476 97246 85728 83608 53750 53694 24120 7616 29211 83966 1580 46878 43090 78572 53470 61287 10720 28278 9435 39081 76660 31308 36964 27598 36412 43530 66090 14880
50
56172 61600 54064 38206 21918 60794 11890 55840 38808 74792 49588 67268 51760 93680 87808 85152 13016 55736 54776 23620 14172 26744 3912 3026 86112 74286 89590 55765 82527 57148 61920 35024 15114 69940 34960 7090 8000 89378 6327 13449 6722 93005 14872 32173 3606 8510 7384 33188 4760 75825
50
91481 88455 65720 54640 15722 51076 9044 72200 5180 10647 37136 52086 70717 29930 21951 59603 25790 12086 52794 1966 29720 92808 99488 36032 80042 71645 38167 26150 7400 74622 3116 73816 89778 54390 37190 480 63338 40464 87760 35191 78540 19368 97460 33011 76706 62760 39155 51500 5640 13095
50
92770 61600 27560 52320 20510 69311 80751 81335 59484 21768 3775 61925 920 27798 21580 850 6250 42623 7945 49877 92792 11024 8640 35443 13290 11955 39648 2750 32237 91587 40600 77358 79444 23136 45280 21418 66480 62385 82215 61898 46744 62776 29061 49176 4995 91236 47230 52660 87100 47776
50
5670 40085 55872 88880 94854 97671 83328 85540 16356 83192 88904 96180 51500 12092 43779 47136 13404 60794 99180 15976 55081 73900 50640 11458 37360 17640 15336 40405 50853 22688 15872 88100 93779 37868 94118 72993 19573 96465 96920 47920 64745 53560 65096 89125 24088 16570 28060 64639 94715 25000
50
6280 89898 26928 82753 74128 16700 62019 98016 58108 96994 6522 7260 6790 29159 1716 87184 86644 11830 45884 5164 23250 7346 58766 53768 72246 42899 35280 69600 92408 73275 66130 56530 94700 69212 71096 27000 7750 11510 79398 48928 85980 55388 49590 73745 70919 49500 41472 63574 26596 43600
50
65050 78764 90440 42512 80197 7464 97300 41246 57882 52076 37108 67488 71537 81721 40944 77320 20175 4062 30383 19936 65651 34098 90958 36950 85378 63416 2074 33188 20520 63456 78578 80940 10275 23152 87030 24288 43644 44400 64570 29284 84500 27348 52418 72557 1840 98076 34748 87576 13475 86341
50
28599 3532 41044 29792 9822 82465 80048 53052 60385 4324 89384 17088 25834 36410 8650 38036 81020 89545 23485 40908 3709 1056 34836 88242 76202 28800 47940 38086 44576 25040 1244 49893 66468 79800 78250 53730 10960 17218 25648 19005 200 19637 87135 54923 75335 38106 33135 71823 30040 82368
50
24968 11725 19365 66690 64515 21104 22713 69776 38197 24981 67096 97542 48228 59291 15553 96519 97222 84822 89425 11742 53180 54416 54794 56008 78283 31812 35947 30300 41600 68272 13544 143 77168 59626 71898 368 69860 5840 47660 81072 21875 18760 44648 92952 76748 82190 67385 69224 54608 96324
50
585 90726 49372 30988 31508 34960 4227 9493 44942 39345 78847 93490 19560 97365 94090 86468 13850 20290 58140 17120 77233 65788 17381 84664 52890 47596 96288 19776 277 42580 6301 65742 93060 2533 61488 1400 45790 44792 84242 92784 38140 94704 28199 5066 43832 98836 66728 79859 25255 85472
50
94035 28764 1468 64500 95900 97606 65000 48712 27705 58772 31008 29525 31429 32268 63055 81536 828 18483 46464 56504 28180 52800 71205 86385 52882 34785 39384 33620 12728 72801 33180 29016 9310 52964 95000 29924 74433 55234 86682 25334 63900 24002 81794 24140 29735 21625 11682 4796 67134 16088
50
25066 57060 58245 27430 67217 11620 6344 88609 86600 89778 51054 37980 74625 63270 79812 3123 66474 26102 45336 74476 18376 8764 43166 6730 4792 70384 70720 61138 46592 83276 94180 590 67204 8525 90948 42668 17150 12462 70528 79188 24960 63081 55686 61920 47955 92462 82098 29427 88488 98140
50
82468 89222 23822 21524 30154 98436 11736 6929 188 45800 31331 61393 1544 7669 29050 85821 20559 53303 66602 24250 66857 32388 7472 544 77672 27624 31200 8599 64141 17965 85752 78500 83594 69216 36864 92253 21453 87330 73888 7311 14800 35131 30481 68868 16294 30642 69730 88683 41305 29975
50
59096 24200 47785 79850 27131 72160 23183 79310 19144 96194 2456 19080 37547 98908 3602 59635 38986 32488 81240 85646 30451 73856 25168 27336 51186 68694 90140 87812 70008 51672 10038 29372 47368 96470 59375 17463 68902 64180 78352 46021 84196 44247 93210 70000 82080 23145 38770 39182 15616 16480
